   1450216,   8272,   9408,  10864,   9952
   1450290,   8272,   9952,  11072,  10320
   1450350,   8208,   9520,  11248,  10016
   1450410,   8208,   9392,  11120,   9840
   1450470,   8240,   9456,  10928,   9728
   1450530,   8288,   9472,  10928,   9696
   1450590,   8208,   9440,  10912,   9744
   1450650,   8240,   9488,  10896,   9696
   1450710,   8224,   9600,  11216,   9696
   1450770,   8272,   9456,  11120,   9728
   1450830,   8256,   9488,  10816,   9824
   1450890,   8272,   9504,  10880,   9664
   1450954,   8208,   9696,  10864,  10048
   1451015,   8224,   9536,  11072,  10224
   1451075,   8208,  10128,  10976,  10272
   1451135,   8208,  10288,  10832,  10304
   1451195,   8272,  10064,  10928,  10112
   1451255,   8224,   9936,  10864,  10112
   1451315,   8240,  10128,  10896,   9664
   1451375,   8208,  10112,  10880,   9680
   1451435,   8224,   9632,  10880,   9664
   1451495,   8240,   9616,  10896,   9632
   1451555,   8256,   9488,  10912,   9696
   1451615,   8256,   9568,  10912,   9904
   1451680,   8256,  10064,  10880,  10224
   1451740,   8256,  10144,  10896,  10304
   1451800,   8208,  10128,  10880,  10160
   1451860,   8224,   9984,  10880,  10160
   1451920,   8256,   9792,  10848,  10352
   1451980,   8256,   9712,  10560,  10272
   1452040,   8240,   9616,  10800,  10320
   1452100,   8224,   9536,  11072,  10240
   1452160,   8256,   9568,  11008,  10240
   1452220,   8224,   9584,  10832,  10320
   1452280,   8256,   9680,  10864,  10336
   1452345,   8256,   9936,  10816,  10320
   1452405,   8272,   9568,  10848,  10192
   1452465,   8224,   9520,  10896,   9968
   1452525,   8224,   9632,  10832,  10112
   1452585,   8256,   9584,  10848,  10048
   1452645,   8224,   9536,  10832,  10208
   1452705,   8240,   9504,  10880,  10032
   1452765,   8224,   9712,  10816,   9648
   1452825,   8240,   9760,  10896,   9712
   1452885,   8240,  10288,  10880,  10032
   1452945,   8208,  10192,  10864,  10240
   1453005,   8256,  10128,  10864,  10288
   1453070,   8208,  10192,  10896,  10304
   1453130,   8208,   9840,  10864,   9952
   1453190,   8256,   9744,  10880,  10096
   1453250,   8208,   9504,  10896,   9760
   1453310,   8272,   9600,  10896,   9520
   1453370,   8256,  10080,  10928,   9632
   1453430,   8240,  10288,  10928,  10000
   1453490,   8256,   9936,  10896,  10048
   1453550,   8272,   9568,  10912,   9968
   1453610,   8240,   9584,  10896,   9648
   1453670,   8240,   9616,  10992,   9552
   1453730,   8256,   9904,  10896,   9648
   1453795,   8272,  10032,  10848,   9568
   1453855,   8272,   9664,  11168,   9584
   1453915,   8240,  10144,  10768,   9792
   1453975,   8240,  10288,  10864,   9888
   1454035,   8256,  10160,  10896,  10064
   1454095,   8256,  10176,  10784,  10432
   1454155,   8256,  10304,  10832,  10352
   1454215,   8224,  10176,  10960,  10384
   1454275,   8272,  10144,  10880,  10400
   1454335,   8240,  10128,  10944,  10256
   1454395,   8240,  10208,  10880,  10336
   1454460,   8240,  10176,  10880,   9808
   1454520,   8240,  10224,  10912,  10000
   1454580,   8256,  10112,  10912,  10000
   1454640,   8240,   9648,  10864,   9616
   1454700,   8256,   9712,  10880,  10064
   1454760,   8288,  10160,  10912,  10288
   1454820,   8256,  10288,  10848,  10192
   1454880,   8208,  10064,  10896,  10064
   1454940,   8256,   9904,  11392,  10080
   1455000,   8208,  10144,  10928,   9808
   1455060,   8272,  10096,  10576,   9808
   1455120,   8240,   9728,  10784,   9824
   1455185,   8256,   9600,  10800,  10000
   1455245,   8256,   9744,  10896,  10160
   1455305,   8208,   9600,  10896,  10016
   1455365,   8208,   9600,  10672,  10256
   1455425,   8272,   9680,  10912,  10320
   1455485,   8240,   9680,  10880,  10352
   1455545,   8240,  10000,  10512,  10464
   1455605,   8256,  10144,  10848,  10432
   1455665,   8240,  10384,  10944,  10480
   1455725,   8272,  10288,  10896,  10464
   1455785,   8240,  10208,  10704,  10464
   1455845,   8272,  10016,  10880,  10064
   1455910,   8224,   9760,  10944,  10384
   1455970,   8224,  10000,  10848,  10496
   1456030,   8272,  10256,  10768,  10512
   1456090,   8240,  10272,  10816,  10432
   1456150,   8240,  10256,  11136,  10256
   1456210,   8240,   9888,  10768,   9920
   1456270,   8288,   9664,  10912,   9984
   1456330,   8224,   9920,  10896,  10352
   1456390,   8240,   9712,  10768,  10336
   1456450,   8240,   9856,  10880,  10512
   1456510,   8256,  10096,  11008,  10624
   1456575,   8272,   9840,  10688,   9968
   1456635,   8272,   9728,  10864,   9984
   1456695,   8224,   9856,  10736,  10256
   1456755,   8240,   9824,  10832,  10528
   1456815,   8240,   9824,  10848,  10480
   1456875,   8272,  10016,  11024,  10544
   1456935,   8272,  10144,  11040,  10464
   1456995,   8272,  10320,  10864,  10608
   1457055,   8240,  10496,  10880,  10560
   1457115,   8240,  10416,  10848,  10480
   1457175,   8224,  10256,  10864,  10432
   1457235,   8288,  10160,  10784,  10128
   1457300,   8272,   9872,  10896,  10064
   1457360,   8256,   9888,  10576,  10016
   1457420,   8224,   9776,  10576,  10128
   1457480,   8272,   9808,  10992,  10304
   1457540,   8240,   9920,  10848,  10544
   1457600,   8272,  10384,  10912,  10512
   1457660,   8208,  10416,  10848,  10688
   1457720,   8240,   9888,  10896,  10032
   1457780,   8272,  10112,  10896,  10624
   1457840,   8256,  10448,  10896,  10448
   1457900,   8272,   9808,  10864,   9984
   1457960,   8240,  10400,  10896,  10688
   1458025,   8240,  10320,  10848,  10496
   1458085,   8272,   9792,  10832,  10016
   1458145,   8256,  10096,  10832,  10560
   1458205,   8240,  10352,  10864,  10160
   1458265,   8256,   9888,  10912,  10000
   1458325,   8240,   9792,  10944,  10272
   1458385,   8240,   9968,  10976,  10496
   1458445,   8224,  10352,  11024,  10448
   1458505,   8256,  10048,  11040,  10160
   1458565,   8272,   9936,  10784,  10208
   1458625,   8256,  10448,  10848,   9984
   1458690,   8256,  10448,  10896,  10656
   1458750,   8272,  10432,  10896,  10288
   1458810,   8208,   9872,  10912,   9984
   1458870,   8256,  10480,  10880,  10448
   1458930,   8240,  10336,  10864,  10400
   1458990,   8272,   9952,  10864,   9920
   1459050,   8256,  10240,  10880,  10432
   1459110,   8272,  10448,  10864,  10352
   1459170,   8272,   9840,  10912,   9888
   1459230,   8224,  10352,  10096,  10624
   1459290,   8288,  10560,  10688,  10448
   1459350,   8240,   9824,  10560,   9936
   1459415,   8288,  10592,  10736,  10464
   1459475,   8272,  10064,  10880,  10032
   1459535,   8240,   9856,  10896,  10032
   1459595,   8288,  10256,  10912,  10672
   1459655,   8256,  10512,  10736,  10416
   1459715,   8240,   9872,  10832,   9952
   1459775,   8240,  10208,  10864,  10592
   1459835,   8272,  10464,  10864,  10704
   1459895,   8272,  10272,  10832,  10240
   1459955,   8256,   9952,  10800,  10192
   1460015,   8240,  10544,  10848,  10208
   1460080,   8256,  10256,  10912,  10432
   1460140,   8288,  10048,  10880,  10032
   1460200,   8208,  10080,  11216,  10432
   1460260,   8240,   9936,  10816,  10096
   1460320,   8272,  10544,  10880,  10672
   1460380,   8272,  10064,  10992,  10352
   1460440,   8272,   9936,  11072,  10096
   1460500,   8272,  10688,  10864,  10256
   1460560,   8272,  10272,  10736,  10496
   1460620,   8272,  10064,  10896,  10112
   1460680,   8272,  10496,  11024,  10720
   1460740,   8256,   9952,  10768,  10080
   1460805,   8288,  10160,  10912,  10080
   1460865,   8272,  10608,  10832,  10528
   1460925,   8256,  10096,  10640,  10400
   1460985,   8224,   9936,  10880,  10112
   1461045,   8240,  10144,  10944,  10176
   1461105,   8224,  10464,  10608,  10736
   1461165,   8240,  10112,  10864,  10416
   1461225,   8272,   9936,  10928,  10192
   1461285,   8272,  10736,  10896,  10288
   1461345,   8240,  10144,  10880,  10368
   1461405,   8256,   9968,  10896,  10112
   1461465,   8256,  10416,  10864,  10032
   1461529,   8224,  10672,  10880,  10592
   1461590,   8240,  10080,  10848,  10288
   1461650,   8224,  10176,  10944,  10128
   1461710,   8272,  10544,  10832,  10752
   1461770,   8288,   9984,  10896,  10128
   1461830,   8272,  10656,  10832,  10592
   1461890,   8224,  10144,  10976,  10400
   1461950,   8272,  10016,  10848,  10112
   1462010,   8272,  10192,  10912,  10160
   1462070,   8272,  10384,  10832,  10336
   1462130,   8272,  10656,  10576,  10576
   1462194,   8224,  10608,  10864,  10720
   1462255,   8240,   9968,  10992,  10208
   1462315,   8256,  10576,  10912,  10128
   1462375,   8240,  10288,  10960,  10480
   1462435,   8272,  10208,  10720,  10144
   1462495,   8256,  10256,  10928,  10528
   1462555,   8240,   9952,  10592,  10112
   1462615,   8224,  10576,  11152,  10304
   1462675,   8224,  10272,  10752,  10592
   1462735,   8272,  10528,  10896,  10496
   1462795,   8224,  10352,  10656,  10576
   1462855,   8272,  10256,  10912,  10288
   1462920,   8208,  10768,  10912,  10656
   1462980,   8240,  10032,  10864,  10208
   1463040,   8272,  10640,  10880,  10688
   1463100,   8256,  10336,  10848,  10656
   1463160,   8272,   9984,  10848,  10192
   1463220,   8256,  10656,  10816,  10400
   1463280,   8256,  10160,  10880,  10480
   1463340,   8240,  10272,  10864,  10304
   1463400,   8224,  10640,  11056,  10848
   1463460,   8256,  10096,  10848,  10384
   1463520,   8240,  10128,  10816,  10224
   1463580,   8240,  10576,  10864,  10640
   1463645,   8256,  10384,  11072,  10336
   1463705,   8256,  10704,  10912,  10848
   1463765,   8272,  10128,  10656,  10448
   1463825,   8272,  10048,  10912,  10304
   1463885,   8240,  10064,  10864,  10224
   1463945,   8272,  10064,  10944,  10192
   1464005,   8240,  10080,  10896,  10160
   1464065,   8240,  10272,  10896,  10224
   1464125,   8240,  10272,  10960,  10240
   1464185,   8272,  10672,  10336,  10672
   1464245,   8240,  10720,  10752,  10816
   1464310,   8256,  10320,  10912,  10288
   1464370,   8272,  10608,  10848,  10544
   1464430,   8272,  10672,  10864,  10592
   1464490,   8240,  10880,  11008,  10848
   1464550,   8288,  10832,  10576,  10768
   1464610,   8256,  10496,  10912,  10480
   1464670,   8240,  10304,  10880,  10336
   1464730,   8256,  10496,  10880,  10432
   1464790,   8256,  10512,  10864,  10448
   1464850,   8240,  10816,  10864,  10720
   1464910,   8272,  10736,  10864,  10784
   1464970,   8240,  10800,  10864,  10800
   1465035,   8240,  10448,  10848,  10496
   1465095,   8288,  10704,  10864,  10768
   1465155,   8240,  10656,  10880,  10832
   1465215,   8240,  10400,  10880,  10608
   1465275,   8288,  10224,  10864,  10432
   1465335,   8272,  10064,  10896,  10208
   1465395,   8224,  10288,  10864,  10192
   1465455,   8240,  10832,  10896,  10720
   1465515,   8240,  10080,  10864,  10240
   1465575,   8240,  10224,  10880,  10096
   1465635,   8272,  10672,  10896,  10704
   1465695,   8256,  10256,  10880,  10448
   1465760,   8272,  10064,  10896,  10256
   1465820,   8272,  10272,  10880,  10048
   1465880,   8256,  10672,  10864,  10704
   1465940,   8256,  10464,  10864,  10640
   1466000,   8240,  10224,  10880,  10400
   1466060,   8272,  10032,  10896,  10032
   1466120,   8272,  10640,  10880,  10656
   1466180,   8256,  10464,  10880,  10624
   1466240,   8240,  10048,  10880,  10048
   1466300,   8272,  10784,  10880,  10640
   1466360,   8256,  10336,  10880,  10432
   1466425,   8208,  10400,  10880,  10624
   1466485,   8256,  10144,  10896,  10032
   1466545,   8256,  10784,  10880,  10624
   1466605,   8240,  10096,  10864,  10176
   1466665,   8240,  10000,  10880,   9984
   1466725,   8272,  10448,  10864,  10000
   1466785,   8240,  10416,  10864,  10544
   1466845,   8256,  10032,  10864,  10016
   1466905,   8224,  10592,  10864,  10704
   1466965,   8240,  10016,  10896,  10000
   1467025,   8256,  10784,  10896,  10560
   1467085,   8256,   9984,  10864,  10032
   1467150,   8240,  10256,  10896,  10048
   1467210,   8240,  10176,  10880,  10272
   1467270,   8256,  10576,  10864,  10448
   1467330,   8256,   9952,  10880,  10000
   1467390,   8272,  10672,  10896,  10288
   1467450,   8240,   9968,  10928,   9952
   1467510,   8224,  10752,  10896,  10384
   1467570,   8272,  10000,  10880,   9920
   1467630,   8240,  10448,  10864,  10048
   1467690,   8240,  10384,  10880,  10480
   1467750,   8224,  10176,  10864,  10304
   1467815,   8192,  10592,  10848,  10528
   1467875,   8288,   9984,  10896,  10128
   1467935,   8240,  10608,  10880,  10000
   1467995,   8224,  10080,  10896,  10192
   1468055,   8288,  10432,  10864,  10368
   1468115,   8240,  10080,  10896,  10160
   1468175,   8288,  10368,  10864,  10128
   1468235,   8240,  10272,  10880,  10320
   1468295,   8224,   9968,  10880,   9936
   1468355,   8208,  10112,  10880,   9872
   1468415,   8272,  10400,  10880,  10496
   1468475,   8256,  10080,  10864,  10016
   1468540,   8288,  10480,  10848,  10144
   1468600,   8272,  10064,  10880,  10176
   1468660,   8272,  10016,  10896,   9952
   1468720,   8256,  10448,  10880,  10640
   1468780,   8288,  10032,  10896,   9920
   1468840,   8240,  10528,  10880,  10480
   1468900,   8240,  10272,  10896,  10000
   1468960,   8256,   9936,  10896,   9984
   1469020,   8272,  10496,  10896,  10288
   1469080,   8224,   9952,  10880,   9952
   1469140,   8272,  10720,  10880,  10304
   1469200,   8224,   9984,  10896,   9824
   1469265,   8240,  10672,  10880,  10384
   1469325,   8240,   9952,  10880,   9904
   1469385,   8256,  10592,  10880,  10336
   1469445,   8272,   9984,  10880,   9888
   1469505,   8272,  10384,  10880,  10528
   1469565,   8224,  10624,  10880,  10320
   1469625,   8240,   9984,  10880,   9824
   1469685,   8256,  10592,  10880,  10336
   1469745,   8272,   9936,  10896,   9856
   1469805,   8272,  10576,  10864,  10416
   1469865,   8272,   9936,  10864,   9840
   1469930,   8256,  10272,  10896,  10080
   1469990,   8272,   9920,  10880,   9904
   1470050,   8272,  10624,  10880,  10192
   1470110,   8256,   9984,  10880,   9968
   1470170,   8256,  10176,  10880,   9840
   1470230,   8224,  10208,  10864,  10384
   1470290,   8288,  10352,  10880,  10208
   1470350,   8256,   9984,  10896,   9984
   1470410,   8224,  10592,  10896,  10144
   1470470,   8272,   9936,  10896,   9776
   1470530,   8272,  10560,  10880,  10432
   1470590,   8272,   9984,  10848,   9840
   1470655,   8256,  10560,  10944,  10320
   1470715,   8272,   9904,  10912,   9824
   1470775,   8272,  10592,  10864,  10528
   1470835,   8256,   9936,  10896,   9792
   1470895,   8256,  10656,  10896,  10176
   1470955,   8272,   9968,  10864,   9936
   1471015,   8240,  10000,  10896,   9792
   1471075,   8288,  10592,  10864,  10048
   1471135,   8272,  10224,  10864,  10272
   1471195,   8256,   9984,  10880,   9984
   1471255,   8256,  10064,  10880,  10224
   1471315,   8272,   9920,  10880,   9776
   1471380,   8272,  10304,  10880,   9728
   1471440,   8272,  10464,  10864,  10224
   1471500,   8224,   9920,  10896,   9872
   1471560,   8272,  10000,  10896,   9808
   1471620,   8272,  10368,  10880,  10448
   1471680,   8288,   9904,  10896,   9808
   1471740,   8272,  10448,  10880,   9984
   1471800,   8272,  10656,  10896,  10256
   1471860,   8224,  10688,  10880,  10416
   1471920,   8240,  10384,  10864,  10288
   1471980,   8240,   9904,  10896,   9776
   1472045,   8272,   9904,  10896,  10192
   1472105,   8224,   9936,  10896,   9968
   1472165,   8288,   9920,  10880,   9792
   1472225,   8240,  10416,  10880,   9920
   1472285,   8272,  10464,  10864,  10352
   1472345,   8208,   9952,  10880,   9824
   1472405,   8240,  10096,  10864,   9760
   1472465,   8256,  10288,  10896,  10304
   1472525,   8256,   9920,  10880,   9904
   1472585,   8256,   9968,  10880,   9760
   1472645,   8256,  10560,  10864,  10496
   1472705,   8272,   9904,  10896,   9776
   1472769,   8288,   9920,  10864,   9776
   1472830,   8256,  10400,  10880,  10064
   1472890,   8240,  10480,  10880,  10448
   1472950,   8256,  10112,  10896,  10128
   1473010,   8272,   9904,  10880,   9888
   1473070,   8288,   9920,  10880,   9824
   1473130,   8288,  10272,  10864,   9824
   1473190,   8256,  10336,  10880,  10352
   1473250,   8240,  10208,  10880,  10112
   1473310,   8272,   9888,  10896,   9760
   1473370,   8224,  10160,  10880,   9760
   1473430,   8272,  10432,  10880,   9744
   1473494,   8272,  10448,  10880,   9792
   1473555,   8240,  10624,  10880,   9872
   1473615,   8256,  10256,  10864,  10368
   1473675,   8224,   9952,  10880,   9728
   1473735,   8256,  10544,  10864,  10080
   1473795,   8256,  10096,  10880,  10144
   1473855,   8272,   9856,  10896,   9728
   1473915,   8256,  10464,  10880,  10192
   1473975,   8256,   9856,  10912,   9776
   1474035,   8272,  10384,  10864,   9888
   1474095,   8240,  10000,  10880,  10256
   1474160,   8224,  10032,  10864,   9840
   1474220,   8240,  10672,  10864,  10240
   1474280,   8240,   9952,  10880,   9872
   1474340,   8288,  10064,  10896,   9696
   1474400,   8240,  10240,  10896,  10368
   1474460,   8272,   9840,  10896,   9760
   1474520,   8224,   9984,  10880,   9760
   1474580,   8256,  10560,  10880,  10384
   1474640,   8224,  10272,  10864,  10256
   1474700,   8288,   9952,  10880,   9904
   1474760,   8224,   9888,  10896,   9888
   1474820,   8272,  10640,  10880,  10128
   1474885,   8256,  10352,  10880,  10304
   1474945,   8240,   9968,  10880,   9920
   1475005,   8240,  10080,  10880,  10192
   1475065,   8240,   9888,  10896,   9760
   1475125,   8272,   9856,  10896,   9872
   1475185,   8272,  10256,  10880,   9792
   1475245,   8224,  10672,  10880,   9984
   1475305,   8272,  10480,  10880,  10240
   1475365,   8272,  10128,  10864,  10048
   1475425,   8256,   9920,  10896,   9856
   1475485,   8288,   9920,  10896,   9728
   1475550,   8240,  10000,  10896,   9744
   1475610,   8208,  10512,  10880,   9760
   1475670,   8240,  10672,  10880,  10000
   1475730,   8240,  10528,  10864,  10320
   1475790,   8240,  10096,  10880,  10016
   1475850,   8288,   9888,  10896,   9712
   1475910,   8208,   9968,  10896,   9680
   1475970,   8256,  10176,  10880,   9728
   1476030,   8240,  10416,  10896,  10208
   1476090,   8224,  10080,  10880,  10064
   1476150,   8240,   9856,  10896,   9712
   1476210,   8256,   9856,  10896,   9696
   1476275,   8240,  10032,  10896,   9680
   1476335,   8256,  10544,  10880,   9840
   1476395,   8256,   9904,  10896,  10224
   1476455,   8272,  10304,  10896,   9744
   1476515,   8256,  10336,  10880,  10448
   1476575,   8240,   9872,  10896,   9696
   1476635,   8272,  10240,  10880,   9776
   1476695,   8272,  10336,  10864,  10320
   1476755,   8272,   9936,  10880,   9664
   1476815,   8240,  10528,  10880,  10096
   1476875,   8272,   9888,  10896,   9824
   1476935,   8288,  10176,  10880,   9824
   1477000,   8256,  10368,  10864,  10272
   1477060,   8240,   9856,  10864,   9744
   1477120,   8272,  10256,  10880,   9920
   1477180,   8304,  10208,  10880,  10448
   1477240,   8256,  10032,  10864,  10016
   1477300,   8256,   9888,  10912,   9776
   1477360,   8288,  10144,  10880,   9728
   1477420,   8240,  10240,  10864,  10336
   1477480,   8288,   9872,  10896,   9696
   1477540,   8240,  10144,  10880,   9696
   1477600,   8240,  10368,  10880,  10240
   1477665,   8240,  10592,  10864,  10304
   1477725,   8256,   9904,  10896,   9776
   1477785,   8240,   9872,  10896,   9728
   1477845,   8256,  10432,  10864,   9968
   1477905,   8224,   9936,  10896,  10208
   1477965,   8256,   9904,  10896,   9808
   1478025,   8272,  10208,  10896,   9840
   1478085,   8224,  10512,  10864,   9920
   1478145,   8272,  10400,  10880,  10384
   1478205,   8224,  10256,  10880,  10224
   1478265,   8240,   9904,  10880,   9840
   1478325,   8256,   9888,  10896,   9712
   1478390,   8240,  10064,  10896,   9888
   1478450,   8240,  10192,  10880,  10432
   1478510,   8288,   9872,  10896,   9696
   1478570,   8240,  10080,  10880,   9728
   1478630,   8256,  10592,  10880,  10112
   1478690,   8256,  10208,  10896,  10112
   1478750,   8272,   9888,  10896,   9696
   1478810,   8288,  10000,  10896,   9664
   1478870,   8224,  10528,  10864,   9984
   1478930,   8256,  10160,  10880,  10336
   1478990,   8256,   9888,  10896,   9888
   1479050,   8224,   9936,  10880,   9712
   1479115,   8272,  10528,  10880,   9968
   1479175,   8256,   9872,  10880,  10080
   1479235,   8272,   9904,  10880,   9696
   1479295,   8272,  10208,  10880,   9824
   1479355,   8240,  10352,  10864,  10336
   1479415,   8240,  10192,  10880,  10112
   1479475,   8256,   9872,  10880,   9776
   1479535,   8272,   9936,  10896,   9696
   1479595,   8288,  10528,  10880,   9984
   1479655,   8224,  10592,  10864,  10288
   1479715,   8240,  10048,  10864,   9984
   1479780,   8240,  10320,  10816,  10416
   1479840,   8256,  10464,  10880,  10384
   1479900,   8224,  10384,  10864,  10336
   1479960,   8224,  10256,  10864,  10208
   1480020,   8272,   9920,  10912,   9936
   1480080,   8272,  10080,  10880,  10192
   1480140,   8256,   9888,  10864,   9760
   1480200,   8224,   9904,  10880,   9904
   1480260,   8208,   9968,  10864,  10032
   1480320,   8224,  10160,  10880,   9664
   1480380,   8288,  10592,  10880,   9792
   1480440,   8256,  10592,  10896,   9776
   1480505,   8208,   9840,  10896,   9808
   1480565,   8256,   9824,  10880,   9824
   1480625,   8256,   9904,  10880,   9680
   1480685,   8272,  10144,  10896,   9776
   1480745,   8240,  10496,  10864,  10240
   1480805,   8272,  10352,  10880,  10288
   1480865,   8240,   9984,  10896,   9952
   1480925,   8240,   9840,  10880,   9856
   1480985,   8240,   9856,  10880,   9696
   1481045,   8256,  10048,  10816,   9696
   1481105,   8256,  10640,  10880,   9888
   1481165,   8240,  10640,  10880,   9984
   1481230,   8272,   9936,  10880,   9664
   1481290,   8240,  10000,  10896,   9712
   1481350,   8272,  10304,  10864,   9728
   1481410,   8256,  10512,  10896,   9920
   1481470,   8240,  10000,  10896,  10384
   1481530,   8256,   9840,  10896,   9728
   1481590,   8288,   9840,  10880,   9728
   1481650,   8272,  10352,  10864,   9824
   1481710,   8256,  10368,  10880,  10256
   1481770,   8272,   9840,  10880,   9728
   1481830,   8272,   9888,  10896,   9664
   1481895,   8272,   9936,  10880,   9712
   1481955,   8240,  10608,  10864,  10080
   1482015,   8224,  10048,  10864,   9968
   1482075,   8256,   9872,  10880,   9872
   1482135,   8272,   9872,  10880,   9712
   1482195,   8256,  10208,  10880,   9744
   1482255,   8272,  10464,  10864,  10112
   1482315,   8272,  10320,  10896,  10272
   1482375,   8240,  10032,  10864,  10016
   1482435,   8240,   9888,  10880,   9824
   1482495,   8208,   9936,  10896,   9792
   1482555,   8272,  10000,  10912,   9696
   1482620,   8224,  10304,  10880,   9952
   1482680,   8272,  10496,  10864,  10048
   1482740,   8224,  10176,  10880,  10160
   1482800,   8272,   9856,  10880,   9824
   1482860,   8224,   9856,  10896,   9824
   1482920,   8240,   9888,  10912,   9680
   1482980,   8240,  10384,  10864,  10032
   1483040,   8224,  10512,  10880,  10400
   1483100,   8272,  10272,  10880,  10240
   1483160,   8240,   9888,  10880,   9808
   1483220,   8256,   9824,  10880,   9840
   1483285,   8240,   9824,  10880,   9824
   1483345,   8272,   9968,  10896,   9664
   1483405,   8240,  10240,  10896,   9872
   1483465,   8224,  10512,  10880,  10224
   1483525,   8240,  10224,  10880,  10160
   1483585,   8224,   9856,  10880,   9760
   1483645,   8256,   9824,  10880,   9728
   1483705,   8240,   9968,  10880,   9696
   1483765,   8272,  10272,  10864,   9792
   1483825,   8256,  10304,  10880,  10288
   1483885,   8256,  10192,  10880,  10096
   1483945,   8240,   9856,  10880,   9744
   1484009,   8256,   9808,  10912,   9728
   1484070,   8240,  10192,  10864,   9712
   1484130,   8224,  10608,  10896,  10016
   1484190,   8256,  10560,  10896,  10304
   1484250,   8256,  10368,  10896,  10208
   1484310,   8224,  10576,  10880,  10288
   1484370,   8240,  10592,  10880,  10304
   1484430,   8256,  10368,  10864,  10192
   1484490,   8224,  10208,  10880,  10080
   1484550,   8240,   9872,  10880,   9728
   1484610,   8272,   9840,  10896,   9696
   1484670,   8208,  10448,  10864,   9664
   1484734,   8256,   9808,  10880,   9648
   1484795,   8240,  10144,  10896,   9664
   1484855,   8256,   9920,  10896,   9776
   1484915,   8256,   9824,  10880,   9728
   1484975,   8224,   9792,  10880,   9776
   1485035,   8240,   9808,  10880,   9744
   1485095,   8256,   9952,  10896,   9664
   1485155,   8240,  10192,  10880,   9712
   1485215,   8288,  10544,  10880,  10128
   1485275,   8256,  10384,  10880,  10192
   1485335,   8272,  10016,  10960,   9936
   1485400,   8256,   9840,  10864,  10176
   1485460,   8272,  10000,  10880,   9728
   1485520,   8240,  10432,  10896,   9664
   1485580,   8272,  10624,  10864,   9888
   1485640,   8240,  10528,  10880,   9984
   1485700,   8272,  10544,  10896,  10064
   1485760,   8272,  10560,  10880,  10224
   1485820,   8272,   9936,  10896,   9824
   1485880,   8240,   9840,  10880,   9744
   1485940,   8288,  10336,  10880,   9792
   1486000,   8224,   9808,  10864,  10048
   1486060,   8272,  10112,  10880,   9600
   1486125,   8240,  10368,  10864,  10016
   1486185,   8240,  10208,  10880,  10096
   1486245,   8240,   9808,  10896,   9616
   1486305,   8224,   9824,  10880,   9616
   1486365,   8288,  10064,  10896,   9664
   1486425,   8256,  10496,  10880,  10016
   1486485,   8240,  10192,  10880,  10112
   1486545,   8224,  10096,  10896,   9968
   1486605,   8256,   9936,  10880,  10208
   1486665,   8272,   9840,  10912,   9792
   1486725,   8288,  10016,  10880,   9616
   1486785,   8288,  10608,  10880,  10000
   1486850,   8224,  10496,  10880,  10032
   1486910,   8240,  10176,  10880,  10096
   1486970,   8240,  10016,  10880,   9936
   1487030,   8272,   9888,  10880,  10144
   1487090,   8224,   9808,  10880,   9744
   1487150,   8240,  10000,  10896,   9632
   1487210,   8256,  10544,  10880,   9728
   1487270,   8272,  10592,  10880,   9792
   1487330,   8272,  10624,  10880,   9872
   1487390,   8288,  10608,  10912,   9968
   1487450,   8288,  10288,  10960,  10304
   1487515,   8256,  10448,  10592,  10256
   1487575,   8256,  10128,  10880,  10256
   1487635,   8224,   9920,  11056,  10000
   1487695,   8208,   9856,  10848,  10080
   1487755,   8256,   9952,  10896,   9952
   1487815,   8240,   9840,  10848,   9920
   1487875,   8288,  10016,  10976,   9920
   1487935,   8272,  10448,  10960,   9968
   1487995,   8288,  10528,  10768,  10016
   1488055,   8256,  10224,  10832,  10128
   1488115,   8288,   9904,  10944,   9952
   1488175,   8256,   9984,  10880,  10304
   1488240,   8272,  10416,  10880,  10560
   1488300,   8256,  10304,  10864,  10544
   1488360,   8272,  10160,  10960,  10480
   1488420,   8256,  10128,  10704,  10448
   1488480,   8272,  10288,  11136,  10576
   1488540,   8256,  10240,  10656,  10560
   1488600,   8240,  10128,  10928,  10496
   1488660,   8272,  10032,  10880,  10416
   1488720,   8288,  10032,  10768,  10400
   1488780,   8256,  10208,  10768,  10576
   1488840,   8240,  10480,  10944,  10768
   1488900,   8272,  10480,  10848,  10784
   1488965,   8224,  10032,  10832,  10144
   1489025,   8272,  10160,  10912,  10256
   1489085,   8272,  10688,  10832,  10672
   1489145,   8256,  10672,  10816,  10768
   1489205,   8240,  10528,  10848,  10688
   1489265,   8272,  10256,  10896,  10528
   1489325,   8240,  10096,  10880,  10336
   1489385,   8272,   9936,  10880,  10096
   1489445,   8288,  10032,  10864,  10160
   1489505,   8240,  10000,  10880,  10016
   1489565,   8256,  10336,  10896,  10224
   1489630,   8288,  10000,  10864,  10160
   1489690,   8240,   9952,  10880,  10048
   1489750,   8224,  10128,  10880,  10128
   1489810,   8240,  10288,  10896,  10224
   1489870,   8272,  10400,  10880,  10304
   1489930,   8240,  10704,  10864,  10576
   1489990,   8240,  10704,  10864,  10656
   1490050,   8240,  10416,  10864,  10560
   1490110,   8224,  10096,  10784,  10336
   1490170,   8240,   9968,  10992,  10208
   1490230,   8304,  10112,  10864,  10720
   1490290,   8224,  10672,  11040,  10816
   1490355,   8240,  10448,  10800,  10672
   1490415,   8224,  10352,  10896,  10384
   1490475,   8272,   9984,  10800,  10288
   1490535,   8256,  10224,  10960,  10896
   1490595,   8240,  10656,  10768,  10880
   1490655,   8224,  10560,  10752,  10560
   1490715,   8288,  10080,  10864,  10272
   1490775,   8272,  10048,  10976,  10288
   1490835,   8224,  10288,  10848,  10624
   1490895,   8224,  10704,  10864,  10816
   1490955,   8224,  10832,  10848,  10864
   1491020,   8256,  10096,  10768,  10208
   1491080,   8272,  10032,  10512,  10256
   1491140,   8272,  10464,  10944,  10896
   1491200,   8272,  10656,  10880,  10656
   1491260,   8224,  10080,  10832,  10288
   1491320,   8240,  10688,  10864,  10832
   1491380,   8256,  10592,  10992,  10496
   1491440,   8272,  10080,  10864,  10208
   1491500,   8272,  10096,  10864,  10304
   1491560,   8240,  10352,  10816,  10576
   1491620,   8256,  10736,  10864,  10832
   1491680,   8272,  10480,  10864,  10544
   1491745,   8224,  10288,  10864,  10560
   1491805,   8272,  10224,  10880,  10432
   1491865,   8224,  10480,  10864,  10640
   1491925,   8224,  10704,  10864,  10752
   1491985,   8256,  10624,  10832,  10448
   1492045,   8288,  10304,  10896,  10224
   1492105,   8224,  10128,  10880,  10144
   1492165,   8240,  10064,  10864,  10192
   1492225,   8224,  10064,  10864,  10272
   1492285,   8240,  10544,  10848,  10752
   1492345,   8240,  10640,  10832,  10704
   1492405,   8240,  10432,  10912,  10544
   1492470,   8240,  10128,  10864,  10448
   1492530,   8272,  10336,  10864,  10608
   1492590,   8256,  10816,  10976,  10848
   1492650,   8208,  10704,  10832,  10624
   1492710,   8272,  10448,  10784,  10400
   1492770,   8288,  10112,  10736,  10256
   1492830,   8272,  10112,  10864,  10416
   1492890,   8272,  10640,  10928,  11008
   1492950,   8256,  10560,  10832,  10704
   1493010,   8272,  10064,  11136,  10352
   1493070,   8240,  10672,  11040,  11008
   1493135,   8304,  10416,  10912,  10944
   1493195,   8224,  10368,  10784,  10544
   1493255,   8272,  10592,  11312,  11008
   1493315,   8288,  10288,  11024,  10384
   1493375,   8256,  10336,  10752,  10752
   1493435,   8256,  10816,  10976,  10800
   1493495,   8224,  10208,  10896,  10512
   1493555,   8288,  10784,  10864,  10992
   1493615,   8272,  10112,  10880,  10368
   1493675,   8240,  10704,  10848,  10944
   1493735,   8288,  10288,  10880,  10288
   1493795,   8240,  10512,  10864,  10768
   1493860,   8240,  10144,  10912,  10368
   1493920,   8256,  10800,  10880,  10784
   1493980,   8224,  10624,  10864,  10544
   1494040,   8304,  10192,  10880,  10208
   1494100,   8272,  10224,  10896,  10448
   1494160,   8256,  10704,  10864,  10816
   1494220,   8272,  10800,  10816,  10640
   1494280,   8272,  10160,  10912,  10240
   1494340,   8272,  10400,  10864,  10672
   1494400,   8256,  10752,  10832,  10976
   1494460,   8256,  10208,  10880,  10304
   1494520,   8224,  10320,  10864,  10656
   1494585,   8272,  10096,  10816,  10576
   1494645,   8224,  10736,  10800,  11008
   1494705,   8288,  10464,  10896,  10608
   1494765,   8240,  10128,  11056,  10416
   1494825,   8272,  10576,  10832,  10944
   1494885,   8272,  10544,  10832,  10512
   1494945,   8240,  10112,  10672,  10368
   1495005,   8256,  10752,  10416,  11008
   1495065,   8272,  10640,  10800,  10640
   1495125,   8240,  10160,  10800,  10576
   1495185,   8224,  10768,  10832,  11008
   1495262,   8256,  10176,  10896,  10416
   1495322,   8224,  10448,  10800,  11152
   1495382,   8240,  10336,  10832,  10384
   1495442,   8272,  10224,  10864,  10944
   1495502,   8256,  10752,  10880,  10736
   1495562,   8288,  10160,  10864,  10560
   1495622,   8256,  10544,  10880,  10944
   1495682,   8256,  10704,  10880,  10336
   1495742,   8256,  10112,  10880,  10576
   1495802,   8272,  10640,  10880,  10976
   1495862,   8224,  10400,  10864,  10288
   1495922,   8208,  10096,  10880,  10656
   1495987,   8272,  10176,  10880,  10256
   1496047,   8256,  10112,  10880,  10320
   1496107,   8224,  10592,  10848,  10896
   1496167,   8240,  10544,  10848,  10624
   1496227,   8272,  10112,  10880,  10368
   1496287,   8272,  10736,  10880,  10848
   1496347,   8240,  10624,  10864,  10528
   1496407,   8224,  10144,  10864,  10160
   1496467,   8224,  10400,  10864,  10576
   1496527,   8240,  10848,  10864,  10800
   1496587,   8240,  10560,  10864,  10432
   1496647,   8224,  10128,  10880,  10176
   1496712,   8240,  10704,  10864,  10464
   1496772,   8240,  10096,  10896,  10128
   1496832,   8224,  10784,  10864,  10784
   1496892,   8272,  10112,  10880,  10160
   1496952,   8272,  10592,  10864,  10800
   1497012,   8208,  10704,  10864,  10800
   1497072,   8208,  10560,  10880,  10640
   1497132,   8256,  10112,  10864,  10176
   1497192,   8224,  10592,  10864,  10784
   1497252,   8272,  10272,  10880,  10192
   1497312,   8256,  10096,  10880,  10272
   1497377,   8256,  10544,  10880,  10496
   1497437,   8240,  10656,  10368,  10768
   1497497,   8272,  10336,  10768,  10480
   1497557,   8240,  10160,  10768,  10368
   1497617,   8256,  10080,  10144,  10368
   1497677,   8224,  10080,  10928,  10448
   1497737,   8240,  10672,  10880,  11056
   1497797,   8272,  10640,  10976,  10752
   1497857,   8224,  10256,  11024,  10432
   1497917,   8256,  10208,  10896,  10608
   1497977,   8272,  10496,  10912,  10880
   1498037,   8240,  10928,  10832,  11056
   1498102,   8208,  10112,  10912,  10512
   1498162,   8240,  10512,  10976,  11104
   1498222,   8208,  10848,  11232,  11104
   1498282,   8240,  10320,  10736,  10496
   1498342,   8256,  10240,  10864,  10624
   1498402,   8256,  10608,  10896,  11024
   1498462,   8256,  10944,  10880,  11008
   1498522,   8272,  10192,  10880,  10464
   1498582,   8240,  10848,  10880,  11168
   1498642,   8288,  10144,  10944,  10400
   1498702,   8240,  10832,  10864,  10992
   1498767,   8240,  10480,  10864,  10864
   1498827,   8272,  10560,  10880,  10704
   1498887,   8224,  10144,  10864,  10448
   1498947,   8256,  10688,  10864,  10992
   1499007,   8288,  10288,  10848,  10352
   1499067,   8272,  10768,  10864,  10976
   1499127,   8224,  10240,  10896,  10368
   1499187,   8224,  10688,  10848,  11008
   1499247,   8272,  10208,  10896,  10368
   1499307,   8224,  10704,  10848,  10992
   1499367,   8272,  10144,  10880,  10320
   1499427,   8256,  10912,  10864,  10896
   1499492,   8240,  10496,  10832,  10864
   1499552,   8256,  10352,  10864,  10352
   1499612,   8272,  10800,  10848,  10944
   1499672,   8224,  10160,  10864,  10432
   1499732,   8224,  10768,  10864,  11040
   1499792,   8272,  10208,  10864,  10336
   1499852,   8240,  10496,  10880,  10848
   1499912,   8240,  10448,  10848,  10416
   1499972,   8240,  10208,  10720,  10496
   1500032,   8240,  10864,  10848,  10832
   1500092,   8240,  10080,  10912,  10384
   1500152,   8224,  10672,  10912,  11088
   1500217,   8256,  10128,  10864,  10352
   1500277,   8240,  10352,  10880,  10720
   1500337,   8272,  10896,  10896,  11008
   1500397,   8272,  10688,  10848,  10720
   1500457,   8224,  10160,  10880,  10432
   1500517,   8272,  10208,  10880,  10672
   1500577,   8240,  10688,  10832,  11120
   1500637,   8240,  10384,  10880,  10640
   1500697,   8240,  10432,  10688,  10896
   1500757,   8256,  10688,  10864,  10784
   1500817,   8224,  10144,  11056,  10512
   1500882,   8208,  10224,  10816,  10480
   1500942,   8240,  10384,  11040,  10928
   1501002,   8256,  10464,  10784,  10560
   1501062,   8256,  10816,  10816,  11104
   1501122,   8224,  10144,  10880,  10480
   1501182,   8240,  10848,  10880,  11168
   1501242,   8224,  10128,  10864,  10512
   1501302,   8208,  10848,  11200,  11120
   1501362,   8272,  10336,  10880,  10864
   1501422,   8272,  10288,  10784,  10560
   1501482,   8240,  10496,  10816,  10752
   1501542,   8256,  10704,  10688,  10848
   1501607,   8240,  10560,  10880,  10592
   1501667,   8240,  10880,  10816,  11200
   1501727,   8224,  10816,  10864,  11200
   1501787,   8240,  10448,  10880,  10992
   1501847,   8288,  10240,  10832,  10720
   1501907,   8240,  10256,  10880,  10480
   1501967,   8272,  10528,  10848,  10640
   1502027,   8240,  10464,  10896,  10672
   1502087,   8256,  10768,  10864,  10864
   1502147,   8224,  10320,  10880,  10704
   1502207,   8256,  10544,  10880,  10592
   1502267,   8240,  10768,  10880,  11152
   1502332,   8240,  10832,  10864,  10768
   1502392,   8224,  10752,  10768,  11120
   1502452,   8256,  10400,  10848,  10896
   1502512,   8240,  10176,  10880,  10496
   1502572,   8224,  10448,  10864,  10528
   1502632,   8256,  10816,  10832,  11104
   1502692,   8208,  10672,  10800,  11088
   1502752,   8272,  10800,  10912,  11120
   1502812,   8256,  10656,  10832,  11168
   1502872,   8272,  10624,  10848,  11152
   1502932,   8240,  10912,  10768,  11200
   1502997,   8240,  10384,  10960,  10528
   1503057,   8256,  10512,  10944,  10672
   1503117,   8272,  10608,  10960,  10912
   1503177,   8240,  10816,  10880,  10976
   1503237,   8208,  10800,  10896,  11104
   1503297,   8224,  10432,  10864,  10960
   1503357,   8224,  10192,  10880,  10672
   1503417,   8272,  10288,  10912,  10480
   1503477,   8224,  10896,  11264,  11008
   1503537,   8224,  10832,  10928,  11232
   1503597,   8272,  10320,  10896,  10848
   1503657,   8272,  10224,  10864,  10432
   1503722,   8272,  10192,  10912,  10496
   1503782,   8256,  10784,  10768,  11168
   1503842,   8240,  10240,  10752,  10720
   1503902,   8256,  10480,  10896,  10608
   1503962,   8240,  10832,  10896,  11104
   1504022,   8240,  10384,  10880,  10880
   1504082,   8240,  10160,  10880,  10432
   1504142,   8272,  10864,  10880,  10864
   1504202,   8272,  10336,  10880,  10784
   1504262,   8208,  10096,  10880,  10480
   1504322,   8240,  10288,  10848,  10400
   1504382,   8256,  10848,  10864,  10864
   1504447,   8272,  10784,  10880,  10560
   1504507,   8240,  10672,  10880,  10976
   1504567,   8256,  10368,  10880,  10800
   1504627,   8240,  10112,  10864,  10400
   1504687,   8288,  10320,  10864,  10416
   1504747,   8224,  10880,  10640,  11072
   1504807,   8256,  10096,  10896,  10496
   1504867,   8224,  10688,  10848,  10976
   1504927,   8208,  10448,  10880,  10960
   1504987,   8240,  10112,  10848,  10464
   1505047,   8240,  10880,  10880,  10992
   1505112,   8256,  10608,  10672,  10976
   1505172,   8240,  10208,  10912,  10528
   1505232,   8272,  10944,  10832,  11168
   1505292,   8240,  10272,  10896,  10816
   1505352,   8240,  10240,  10896,  10560
   1505412,   8240,  10832,  10864,  11088
   1505472,   8224,  10336,  10848,  10784
   1505532,   8256,  10256,  10880,  10480
   1505592,   8240,  10720,  10864,  11008
   1505652,   8240,  10496,  10880,  10992
   1505712,   8240,  10176,  10864,  10464
   1505772,   8288,  10352,  10880,  10496
   1505837,   8256,  10496,  10864,  10960
   1505897,   8256,  10192,  10896,  10464
   1505957,   8256,  10336,  10848,  10576
   1506017,   8256,  10768,  10848,  10832
   1506077,   8256,  10912,  10848,  11040
   1506137,   8256,  10592,  10864,  11008
   1506197,   8240,  10160,  10880,  10576
   1506257,   8256,  10384,  10864,  10432
   1506317,   8256,  10832,  10880,  10800
   1506377,   8224,  10800,  10848,  11088
   1506437,   8288,  10464,  10864,  10944
   1506502,   8288,  10800,  10864,  11024
   1506562,   8208,  10272,  10864,  10704
   1506622,   8272,  10128,  10832,  10432
   1506682,   8240,  10368,  11008,  10512
   1506742,   8256,  10672,  10976,  10912
   1506802,   8272,  10800,  10880,  10976
   1506862,   8256,  10912,  10880,  11024
   1506922,   8208,  10496,  10848,  11008
   1506982,   8224,  10304,  10896,  10768
   1507042,   8288,  10128,  10864,  10464
   1507102,   8272,  10384,  10848,  10560
   1507162,   8208,  10640,  10736,  10944
   1507227,   8256,  10176,  10880,  10608
   1507287,   8288,  10288,  10864,  10512
   1507347,   8208,  10800,  10896,  11120
   1507407,   8224,  10400,  10896,  10864
   1507467,   8224,  10128,  10832,  10512
   1507527,   8224,  10144,  10880,  10432
   1507587,   8256,  10752,  10912,  10880
   1507647,   8240,  10256,  10880,  10672
   1507707,   8224,  10464,  10864,  10560
   1507767,   8272,  10832,  10864,  11168
   1507827,   8224,  10512,  10752,  11008
   1507887,   8240,  10272,  10960,  10720
   1507952,   8256,  10608,  10832,  11104
   1508012,   8224,  10480,  10816,  11056
   1508072,   8272,  10352,  10864,  10928
   1508132,   8272,  10160,  10784,  10544
   1508192,   8256,  10208,  10896,  10528
   1508252,   8272,  10240,  10880,  10544
   1508312,   8240,  10464,  10848,  10720
   1508372,   8224,  10848,  10832,  11056
   1508432,   8224,  10576,  10864,  10960
   1508492,   8224,  10176,  10848,  10608
   1508552,   8256,  10480,  10864,  10704
   1508617,   8224,  10592,  10864,  10576
   1508677,   8208,  10720,  10832,  11168
   1508737,   8224,  10176,  10752,  10624
   1508797,   8256,  10352,  10976,  10496
   1508857,   8224,  10912,  10848,  11152
   1508917,   8240,  10320,  10800,  10864
   1508977,   8288,  10160,  10928,  10560
   1509037,   8240,  10576,  10864,  10704
   1509097,   8208,  10944,  10880,  11152
   1509157,   8272,  10400,  10864,  10912
   1509217,   8256,  10160,  10880,  10544
   1509277,   8272,  10592,  10944,  10736
   1509342,   8288,  10800,  10896,  10704
   1509402,   8240,  10320,  10896,  10816
   1509462,   8272,  10256,  10880,  10480
   1509522,   8224,  10928,  10896,  10992
   1509582,   8256,  10304,  10864,  10768
   1509642,   8272,  10384,  10864,  10624
   1509702,   8272,  10800,  10848,  10960
   1509762,   8272,  10336,  10848,  10832
   1509822,   8224,  10320,  10864,  10576
   1509882,   8288,  10864,  10864,  11264
   1509942,   8224,  10176,  10848,  10688
   1510002,   8224,  10624,  10848,  10752
   1510067,   8224,  10624,  10864,  10784
   1510127,   8272,  10368,  10896,  10896
   1510187,   8240,  10336,  10864,  10464
   1510247,   8240,  10512,  10880,  10944
   1510307,   8240,  10208,  10880,  10464
   1510367,   8240,  10720,  10864,  10944
   1510427,   8224,  10512,  10864,  10992
   1510487,   8272,  10240,  10880,  10624
   1510547,   8272,  10224,  10896,  10432
   1510607,   8240,  10352,  10848,  10528
   1510667,   8272,  10752,  10832,  10848
   1510732,   8288,  10688,  10880,  10928
   1510792,   8272,  10544,  10880,  10992
   1510852,   8272,  10160,  10880,  10400
   1510912,   8272,  10928,  10880,  10960
   1510972,   8240,  10608,  10864,  11008
   1511032,   8256,  10144,  10880,  10496
   1511092,   8224,  10368,  10880,  10432
   1511152,   8256,  10784,  10880,  10976
   1511212,   8208,  10128,  10880,  10432
   1511272,   8256,  10688,  10864,  10880
   1511332,   8240,  10272,  10864,  10688
   1511392,   8208,  10192,  10896,  10336
   1511457,   8224,  10160,  10864,  10656
   1511517,   8240,  10336,  10864,  10384
   1511577,   8256,  10816,  10848,  10768
   1511637,   8224,  10768,  10864,  11120
   1511697,   8272,  10736,  10864,  11024
   1511757,   8256,  10864,  10848,  11024
   1511817,   8224,  10656,  10880,  11072
   1511877,   8256,  10544,  10880,  10976
   1511937,   8256,  10512,  10864,  10864
   1511997,   8272,  10560,  10880,  10992
   1512057,   8240,  10400,  10960,  10848
   1512117,   8224,  10128,  10816,  10480
   1512182,   8272,  10112,  10848,  10848
   1512242,   8224,  10176,  10848,  10640
   1512302,   8240,  10448,  10784,  10976
   1512362,   8240,  10512,  10880,  11056
   1512422,   8224,  10832,  10912,  11184
   1512482,   8256,  10544,  10912,  11120
   1512542,   8224,  10160,  10864,  10624
   1512602,   8272,  10464,  10800,  10608
   1512662,   8256,  10864,  10864,  10928
   1512722,   8224,  10848,  10912,  11216
   1512782,   8240,  10400,  10880,  10912
   1512847,   8208,  10736,  10864,  11200
   1512907,   8272,  10144,  10880,  10496
   1512967,   8256,  10320,  10896,  10448
   1513027,   8272,  10960,  10864,  10992
   1513087,   8272,  10832,  10848,  11152
   1513147,   8240,  10560,  10880,  10992
   1513207,   8272,  10160,  10864,  10496
   1513267,   8240,  10752,  10864,  10720
   1513327,   8256,  10816,  10880,  11136
   1513387,   8240,  10112,  10864,  10432
   1513447,   8256,  10736,  10864,  10800
   1513507,   8208,  10416,  10864,  10784
   1513572,   8240,  10784,  10880,  10976
   1513632,   8272,  10160,  10864,  10384
   1513692,   8240,  10864,  10864,  10832
   1513752,   8224,  10368,  10896,  10752
   1513812,   8224,  10240,  10880,  10400
   1513872,   8272,  10816,  10848,  10832
   1513932,   8240,  10864,  10864,  10976
   1513992,   8224,  10448,  10880,  10848
   1514052,   8224,  10176,  10848,  10560
   1514112,   8288,  10352,  10912,  10368
   1514172,   8240,  10864,  10880,  10816
   1514237,   8240,  10656,  10864,  10688
   1514297,   8240,  10496,  10848,  10800
   1514357,   8240,  10352,  10864,  10400
   1514417,   8240,  10800,  10864,  11088
   1514477,   8256,  10128,  10864,  10448
   1514537,   8272,  10592,  10880,  10560
   1514597,   8272,  10528,  10880,  10816
   1514657,   8224,  10176,  10880,  10352
   1514717,   8240,  10800,  10864,  11056
   1514777,   8240,  10240,  10880,  10592
   1514837,   8240,  10416,  10864,  10384
   1514897,   8240,  10752,  10864,  10928
   1514962,   8272,  10336,  10848,  10928
   1515022,   8288,  10448,  10864,  10400
   1515082,   8208,  10912,  10848,  10896
   1515142,   8256,  10720,  10864,  11008
   1515202,   8208,  10368,  10864,  10752
   1515262,   8256,  10128,  10864,  10320
   1515322,   8272,  10784,  10864,  10688
   1515382,   8272,  10336,  10864,  10672
   1515442,   8288,  10400,  10864,  10496
   1515502,   8272,  10592,  10864,  10896
   1515562,   8224,  10144,  10880,  10288
   1515622,   8272,  10816,  10864,  10656
   1515687,   8272,  10384,  10864,  10368
   1515747,   8224,  10848,  10864,  10640
   1515807,   8224,  10624,  10880,  10944
   1515867,   8224,  10416,  10864,  10768
   1515927,   8224,  10336,  10864,  10640
   1515987,   8224,  10240,  10880,  10576
