   1622313,   8272,  10256,  11088,  11040
   1622387,   8272,  10128,  10800,  10640
   1622447,   8240,  10096,  10768,  11024
   1622507,   8224,  10400,  10944,  11184
   1622567,   8240,  10896,  10848,  10720
   1622627,   8272,  10144,  10976,  10912
   1622687,   8240,  10224,  10848,  10848
   1622747,   8272,  10240,  11008,  10880
   1622807,   8240,  10144,  10880,  11024
   1622867,   8272,  10208,  10848,  11200
   1622927,   8240,  10496,  10816,  11392
   1622987,   8272,  10496,  10784,  11248
   1623051,   8272,  10288,  10944,  11168
   1623112,   8240,  10432,  11040,  11200
   1623172,   8240,  10896,  11008,  11440
   1623232,   8240,  10640,  10864,  10800
   1623292,   8256,  10432,  10880,  10720
   1623352,   8240,  10352,  10864,  10688
   1623412,   8240,  10240,  10896,  10688
   1623472,   8272,  10288,  10864,  10912
   1623532,   8256,  10400,  10880,  11088
   1623592,   8240,  10816,  10880,  11248
   1623652,   8240,  10912,  10864,  11168
   1623712,   8240,  10512,  10848,  10608
   1623777,   8224,  10448,  10864,  10560
   1623837,   8240,  10336,  10864,  10592
   1623897,   8224,  10240,  10864,  10752
   1623957,   8256,  10592,  10832,  11136
   1624017,   8256,  10848,  10864,  11056
   1624077,   8224,  10256,  10864,  10688
   1624137,   8272,  10880,  10864,  11296
   1624197,   8240,  10368,  10880,  10528
   1624257,   8272,  10320,  10912,  10928
   1624317,   8272,  10816,  10896,  11232
   1624377,   8224,  10976,  10912,  11008
   1624442,   8272,  10880,  10896,  11232
   1624502,   8256,  10896,  10912,  11264
   1624562,   8240,  10896,  10864,  11024
   1624622,   8272,  10880,  10832,  10848
   1624682,   8256,  10672,  11120,  10800
   1624742,   8272,  10544,  10800,  10608
   1624802,   8272,  10336,  10896,  10592
   1624862,   8240,  10208,  10896,  10704
   1624922,   8272,  10832,  11536,  11216
   1624982,   8256,  10864,  10960,  11056
   1625042,   8256,  10384,  10704,  10640
   1625102,   8240,  10416,  10656,  11136
   1625167,   8272,  10256,  10704,  11200
   1625227,   8272,  10752,  10976,  11376
   1625287,   8240,  10800,  10880,  10864
   1625347,   8288,  10256,  10928,  10848
   1625407,   8240,  10480,  10928,  11120
   1625467,   8272,  10928,  10768,  11424
   1625527,   8272,  10736,  11008,  10800
   1625587,   8224,  10416,  11104,  10688
   1625647,   8256,  10240,  10272,  10816
   1625707,   8240,  10384,  10784,  11088
   1625767,   8224,  10768,  11072,  11392
   1625827,   8256,  10720,  10800,  11360
   1625892,   8256,  10336,  11056,  11072
   1625952,   8256,  10336,  10832,  10944
   1626012,   8256,  10320,  10752,  10960
   1626072,   8272,  10320,  10816,  10960
   1626132,   8256,  10624,  10896,  11184
   1626192,   8208,  10944,  10864,  11424
   1626252,   8224,  10976,  10864,  11056
   1626312,   8256,  10768,  11120,  10784
   1626372,   8224,  10320,  10896,  10672
   1626432,   8240,  10320,  10720,  10896
   1626492,   8256,  10416,  10960,  11104
   1626557,   8272,  10320,  10768,  10720
   1626617,   8272,  10352,  10976,  11040
   1626677,   8272,  10800,  10928,  11344
   1626737,   8240,  10992,  10832,  11296
   1626797,   8240,  10960,  10880,  11040
   1626857,   8272,  10720,  10576,  10752
   1626917,   8224,  10336,  10944,  10656
   1626977,   8272,  10304,  10896,  10816
   1627037,   8224,  10592,  10880,  11216
   1627097,   8224,  10960,  10864,  11056
   1627157,   8272,  10800,  10864,  10752
   1627217,   8240,  10304,  10848,  10624
   1627282,   8256,  10544,  10880,  10624
   1627342,   8256,  10560,  10848,  10576
   1627402,   8240,  10496,  10880,  10592
   1627462,   8240,  10288,  10864,  10592
   1627522,   8272,  10288,  10864,  10592
   1627582,   8288,  10320,  10864,  10816
   1627642,   8272,  10464,  10880,  11040
   1627702,   8272,  10944,  10848,  11168
   1627762,   8272,  10944,  10880,  11136
   1627822,   8272,  10800,  10864,  10672
   1627882,   8272,  10320,  10864,  10544
   1627942,   8272,  10528,  10896,  11056
   1628007,   8272,  10304,  10864,  11088
   1628067,   8224,  10752,  10864,  11072
   1628127,   8272,  10624,  10864,  10640
   1628187,   8272,  10256,  10912,  10624
   1628247,   8208,  10944,  10880,  11072
   1628307,   8288,  10368,  10864,  10416
   1628367,   8208,  10576,  10848,  11040
   1628427,   8224,  10768,  10848,  10592
   1628487,   8256,  10560,  10864,  11008
   1628547,   8272,  10608,  10864,  10448
   1628607,   8272,  10416,  10880,  10864
   1628672,   8240,  10832,  10864,  11120
   1628732,   8288,  10544,  10880,  10400
   1628792,   8240,  10560,  10848,  11024
   1628852,   8224,  10608,  10864,  10432
   1628912,   8240,  10480,  10864,  10928
   1628972,   8272,  10864,  10864,  10688
   1629032,   8288,  10240,  10864,  10480
   1629092,   8240,  10736,  10880,  11024
   1629152,   8272,  10496,  10848,  10384
   1629212,   8224,  10304,  10864,  10768
   1629272,   8240,  10784,  10880,  10560
   1629332,   8224,  10304,  10880,  10736
   1629397,   8224,  10336,  10880,  10768
   1629457,   8240,  10560,  10864,  10896
   1629517,   8224,  10880,  10864,  11072
   1629577,   8208,  10688,  10864,  10448
   1629637,   8256,  10240,  10880,  10400
   1629697,   8272,  10400,  10880,  10816
   1629757,   8288,  10992,  10576,  10768
   1629817,   8224,  10448,  11248,  10480
   1629877,   8224,  10256,  10928,  10704
   1629937,   8272,  10400,  10560,  11040
   1629997,   8272,  10784,  10912,  11232
   1630057,   8256,  10912,  10928,  10864
   1630122,   8272,  10896,  10928,  10992
   1630182,   8256,  10608,  10912,  10720
   1630242,   8240,  10352,  10864,  10912
   1630302,   8224,  10464,  10800,  10608
   1630362,   8224,  10688,  10864,  11152
   1630422,   8272,  10624,  10864,  10704
   1630482,   8240,  10288,  10864,  10768
   1630542,   8256,  10896,  10880,  11296
   1630602,   8224,  10336,  10896,  10512
   1630662,   8272,  10384,  10864,  10960
   1630722,   8256,  10912,  10880,  10912
   1630787,   8272,  10912,  10864,  10592
   1630847,   8256,  10272,  10848,  10768
   1630907,   8224,  10848,  10880,  10832
   1630967,   8272,  10272,  11008,  10800
   1631027,   8224,  10768,  10928,  10704
   1631087,   8256,  10336,  10848,  10944
   1631147,   8224,  10848,  10896,  10784
   1631207,   8240,  10336,  10800,  10928
   1631267,   8224,  10640,  10880,  10624
   1631327,   8224,  10688,  10896,  11312
   1631387,   8224,  10448,  10880,  10560
   1631447,   8256,  10912,  10864,  11104
   1631512,   8256,  10240,  10864,  10560
   1631572,   8272,  10992,  10864,  10720
   1631632,   8240,  10448,  10864,  11008
   1631692,   8240,  10256,  10960,  10592
   1631752,   8288,  10880,  10656,  11136
   1631812,   8256,  10208,  11216,  10736
   1631872,   8240,  10688,  10832,  10704
   1631932,   8272,  10864,  10800,  11376
   1631992,   8240,  10368,  10848,  10928
   1632052,   8256,  10224,  10848,  10656
   1632112,   8224,  10832,  10848,  10736
   1632177,   8272,  10224,  10880,  10784
   1632237,   8256,  10880,  10960,  10896
   1632297,   8240,  10352,  10896,  10976
   1632357,   8272,  10544,  10880,  10560
   1632417,   8272,  10416,  10912,  11072
   1632477,   8240,  10704,  10624,  10704
   1632537,   8240,  10384,  10800,  11040
   1632597,   8256,  10720,  10608,  10752
   1632657,   8224,  10704,  10800,  11344
   1632717,   8272,  10480,  10848,  10640
   1632777,   8272,  10864,  10880,  11392
   1632837,   8224,  10304,  10864,  10608
   1632902,   8224,  10272,  10864,  10784
   1632962,   8240,  10672,  10864,  10688
   1633022,   8256,  10528,  10864,  11120
   1633082,   8272,  10272,  10896,  10624
   1633142,   8256,  10912,  10864,  11248
   1633202,   8256,  10240,  10912,  10752
   1633262,   8256,  11072,  10832,  11088
   1633322,   8240,  10240,  10688,  10704
   1633382,   8240,  10960,  10832,  11264
   1633442,   8256,  10336,  10864,  10688
   1633502,   8272,  10848,  10880,  11280
   1633562,   8240,  10432,  10864,  10672
   1633627,   8240,  10320,  10848,  10864
   1633687,   8240,  10912,  10768,  11376
   1633747,   8272,  10400,  10944,  10720
   1633807,   8256,  10784,  10848,  11328
   1633867,   8240,  10432,  10864,  10720
   1633927,   8224,  10592,  11072,  11264
   1633987,   8256,  10736,  11040,  10976
   1634047,   8256,  10400,  10944,  11056
   1634107,   8272,  10400,  10912,  10704
   1634167,   8240,  11040,  10912,  11376
   1634227,   8256,  10304,  10912,  10976
   1634291,   8256,  10976,  10944,  11072
   1634352,   8224,  10384,  10864,  11168
   1634412,   8304,  10320,  10992,  10880
   1634472,   8208,  10688,  10864,  10928
   1634532,   8224,  10896,  10928,  11376
   1634592,   8256,  10304,  10896,  10944
   1634652,   8256,  10816,  10816,  10832
   1634712,   8224,  10928,  10704,  11344
   1634772,   8240,  10352,  10928,  11104
   1634832,   8272,  10576,  10800,  10784
   1634892,   8272,  10784,  10800,  11520
   1634952,   8272,  10336,  10832,  10992
   1635017,   8256,  10880,  11232,  10912
   1635077,   8272,  10720,  10816,  11424
   1635137,   8240,  10336,  10880,  10896
   1635197,   8240,  10816,  10864,  10896
   1635257,   8240,  10480,  10864,  11136
   1635317,   8288,  10544,  10864,  10688
   1635377,   8224,  10992,  10832,  11280
   1635437,   8256,  10816,  10896,  11344
   1635497,   8272,  10416,  10832,  11152
   1635557,   8256,  10864,  10896,  10880
   1635617,   8208,  10816,  10864,  11360
   1635677,   8208,  10384,  10864,  11056
   1635742,   8240,  10576,  10880,  11424
   1635802,   8272,  10320,  10880,  10768
   1635862,   8256,  10400,  10896,  10704
   1635922,   8240,  11104,  10864,  11184
   1635982,   8256,  10336,  10992,  10960
   1636042,   8240,  10736,  10848,  10752
   1636102,   8240,  10976,  10800,  11072
   1636162,   8240,  10576,  10880,  11296
   1636222,   8240,  10336,  10912,  10736
   1636282,   8256,  10864,  10912,  11088
   1636342,   8224,  10912,  10864,  11328
   1636407,   8272,  10656,  10800,  10736
   1636467,   8240,  10704,  10864,  11392
   1636527,   8240,  10368,  10944,  10768
   1636587,   8224,  10960,  10848,  11088
   1636647,   8256,  10544,  10880,  11296
   1636707,   8240,  10464,  10848,  10704
   1636767,   8240,  10992,  10864,  11280
   1636827,   8240,  10496,  10704,  11168
   1636887,   8240,  10304,  10912,  10752
   1636947,   8224,  10832,  10896,  10880
   1637007,   8272,  10912,  10832,  10992
   1637067,   8224,  10688,  10848,  11360
   1637132,   8224,  10976,  10880,  10896
   1637192,   8240,  10432,  10880,  11072
   1637252,   8240,  10288,  10896,  10848
   1637312,   8240,  10320,  10880,  10800
   1637372,   8256,  10432,  10896,  10656
   1637432,   8256,  10768,  10880,  10864
   1637492,   8224,  11008,  10864,  11296
   1637552,   8224,  10720,  10864,  11280
   1637612,   8272,  10496,  10848,  11168
   1637672,   8224,  10448,  10864,  11040
   1637732,   8240,  10288,  10864,  10720
   1637792,   8272,  10944,  11072,  10992
   1637857,   8272,  10784,  11008,  11504
   1637917,   8240,  10544,  10880,  11248
   1637977,   8256,  10352,  10848,  11088
   1638037,   8256,  10288,  10848,  10816
   1638097,   8256,  10400,  10880,  10720
   1638157,   8224,  10672,  10864,  10816
   1638217,   8272,  11088,  10848,  11136
   1638277,   8224,  10960,  10864,  11200
   1638337,   8272,  10736,  10864,  11376
   1638397,   8208,  10528,  10880,  11136
   1638457,   8240,  10304,  10928,  10768
   1638522,   8288,  10656,  10848,  11056
   1638582,   8224,  10288,  10864,  10896
   1638642,   8224,  10688,  10848,  10736
   1638702,   8256,  10976,  10848,  11264
   1638762,   8224,  10736,  10896,  11232
   1638822,   8256,  10304,  10896,  10928
   1638882,   8272,  10320,  10880,  10720
   1638942,   8240,  10800,  10832,  10800
   1639002,   8240,  10992,  10864,  11296
   1639062,   8240,  11040,  10832,  11248
   1639122,   8272,  10800,  10864,  11280
   1639182,   8240,  10432,  10880,  11072
   1639247,   8272,  10832,  10832,  10848
   1639307,   8240,  11056,  10848,  11136
   1639367,   8240,  10592,  10880,  11216
   1639427,   8208,  10448,  10880,  11056
   1639487,   8272,  10304,  10896,  10816
   1639547,   8272,  10272,  10896,  10688
   1639607,   8256,  10832,  10880,  10752
   1639667,   8288,  10768,  10864,  10672
   1639727,   8272,  10864,  10848,  10944
   1639787,   8224,  11072,  10864,  11104
   1639847,   8224,  10912,  10880,  11152
   1639912,   8240,  10368,  10864,  10960
   1639972,   8272,  10240,  10864,  10704
   1640032,   8272,  10480,  10880,  10704
   1640092,   8272,  10304,  10880,  10560
   1640152,   8256,  10272,  10912,  10592
   1640212,   8240,  10512,  10864,  10608
   1640272,   8240,  11136,  10880,  10944
   1640332,   8256,  10528,  10880,  11216
   1640392,   8240,  10368,  10848,  10928
   1640452,   8208,  10416,  10992,  11120
   1640512,   8256,  10480,  10768,  10816
   1640572,   8288,  10368,  10848,  10640
   1640637,   8240,  11056,  10880,  11120
   1640697,   8256,  10432,  10864,  11168
   1640757,   8224,  10560,  10816,  11312
   1640817,   8272,  10944,  10720,  11376
   1640877,   8272,  10976,  10704,  11152
   1640937,   8224,  11040,  10896,  11088
   1640997,   8240,  11296,  10800,  11152
   1641057,   8272,  11072,  10880,  11344
   1641117,   8272,  10576,  10864,  11328
   1641177,   8208,  10704,  10960,  11328
   1641237,   8256,  10480,  10784,  11264
   1641297,   8272,  10672,  10912,  11488
   1641362,   8288,  10288,  10848,  11008
   1641422,   8256,  10336,  10880,  10864
   1641482,   8240,  10464,  10896,  11216
   1641542,   8256,  10784,  10832,  11392
   1641602,   8208,  10992,  10832,  11472
   1641662,   8240,  11088,  10880,  11312
   1641722,   8288,  10944,  10848,  11104
   1641782,   8272,  10976,  10896,  11248
   1641842,   8256,  11104,  10896,  11296
   1641902,   8224,  10800,  10880,  11344
   1641962,   8256,  10624,  10880,  11360
   1642027,   8256,  10464,  10880,  10816
   1642087,   8240,  10848,  10880,  10864
   1642147,   8224,  10896,  10848,  10896
   1642207,   8272,  10848,  10864,  10992
   1642267,   8256,  11088,  10880,  11168
   1642327,   8272,  10720,  10864,  11248
   1642387,   8272,  10352,  10880,  10960
   1642447,   8256,  10320,  10848,  10656
   1642507,   8256,  10464,  10864,  10688
   1642567,   8240,  10816,  10880,  10752
   1642627,   8240,  10928,  10864,  10960
   1642687,   8240,  10864,  10880,  11008
   1642752,   8224,  10432,  10864,  11184
   1642812,   8224,  10480,  10864,  10688
   1642872,   8256,  10896,  10864,  10896
   1642932,   8224,  10976,  10864,  11392
   1642992,   8272,  10720,  10880,  11264
   1643052,   8208,  10560,  10864,  11232
   1643112,   8256,  10384,  10864,  11072
   1643172,   8256,  10624,  10864,  11232
   1643232,   8288,  10640,  10816,  11280
   1643292,   8256,  10832,  10832,  11376
   1643352,   8272,  10416,  10896,  11056
   1643412,   8256,  10352,  10944,  10672
   1643477,   8256,  10784,  10864,  11296
   1643537,   8240,  10320,  10880,  10672
   1643597,   8224,  10960,  10864,  11088
   1643657,   8256,  10608,  10864,  11264
   1643717,   8256,  10304,  10880,  10784
   1643777,   8272,  10256,  10864,  10720
   1643837,   8272,  10288,  10896,  10768
   1643897,   8256,  10272,  10880,  10736
   1643957,   8256,  10624,  10848,  10752
   1644017,   8208,  11072,  10864,  11136
   1644077,   8240,  10800,  10864,  11264
   1644142,   8272,  10544,  10864,  10576
   1644202,   8240,  10896,  10880,  11328
   1644262,   8240,  10368,  10880,  10944
   1644322,   8240,  10464,  10864,  10640
   1644382,   8256,  11056,  10864,  11168
   1644442,   8240,  10400,  10880,  11040
   1644502,   8208,  10560,  10864,  10608
   1644562,   8256,  10800,  10880,  11216
   1644622,   8240,  10496,  10896,  10880
   1644682,   8240,  11008,  10864,  10736
   1644742,   8224,  10640,  10864,  11088
   1644802,   8272,  10320,  10896,  10560
   1644867,   8240,  10896,  10848,  11184
   1644927,   8240,  10256,  10880,  10624
   1644987,   8256,  10752,  10864,  10656
   1645047,   8272,  10768,  10864,  10672
   1645107,   8256,  10576,  10864,  10592
   1645167,   8256,  11056,  10880,  11088
   1645227,   8272,  10768,  10864,  11200
   1645287,   8240,  10272,  10880,  10608
   1645347,   8272,  10576,  10864,  10544
   1645407,   8208,  10672,  10864,  10720
   1645467,   8272,  10928,  10864,  10784
   1645527,   8240,  10816,  10864,  10720
   1645591,   8272,  11024,  10848,  11040
   1645652,   8272,  10768,  10864,  11184
   1645712,   8272,  10624,  10880,  11216
   1645772,   8256,  10272,  10880,  10592
   1645832,   8224,  10592,  10848,  10672
   1645892,   8208,  10976,  10864,  11104
   1645952,   8272,  10848,  10864,  11136
   1646012,   8272,  10640,  10880,  11216
   1646072,   8240,  10272,  10880,  10560
   1646132,   8256,  10448,  10864,  10544
   1646192,   8224,  11056,  10864,  11008
   1646257,   8208,  10448,  10864,  10512
   1646317,   8224,  10784,  10864,  11136
   1646377,   8256,  10272,  10880,  10576
   1646437,   8272,  10880,  10864,  11088
   1646497,   8256,  10224,  10896,  10672
   1646557,   8272,  10704,  10880,  10592
   1646617,   8256,  10464,  10864,  11040
   1646677,   8272,  10272,  10880,  10560
   1646737,   8240,  10736,  10864,  10768
   1646797,   8240,  10752,  10864,  11120
   1646857,   8208,  10448,  10864,  11008
   1646917,   8272,  10256,  10896,  10704
   1646982,   8272,  10848,  10864,  10960
   1647042,   8256,  10704,  10880,  11072
   1647102,   8256,  10432,  10880,  11024
   1647162,   8272,  10416,  10880,  11024
   1647222,   8256,  10368,  10880,  10832
   1647282,   8272,  10240,  10880,  10720
   1647342,   8272,  10272,  10896,  10736
   1647402,   8256,  10336,  10896,  10768
   1647462,   8272,  10336,  10896,  10832
   1647522,   8256,  10416,  10880,  11008
   1647582,   8224,  10624,  10880,  11056
   1647647,   8256,  10240,  10896,  10640
   1647707,   8256,  10288,  10880,  10496
   1647767,   8256,  10224,  10880,  10640
   1647827,   8288,  10336,  10864,  10544
   1647887,   8256,  10288,  10864,  10512
   1647947,   8272,  10432,  10880,  10544
   1648007,   8240,  10448,  10848,  10512
   1648067,   8272,  10272,  10880,  10528
   1648127,   8272,  10224,  10880,  10608
   1648187,   8240,  10432,  10864,  10976
   1648247,   8256,  10864,  10864,  11104
   1648307,   8240,  10864,  10880,  10736
   1648372,   8256,  10912,  10848,  11056
   1648432,   8272,  10640,  10880,  11104
   1648492,   8240,  10912,  10880,  11184
   1648552,   8224,  10816,  10864,  11120
   1648612,   8272,  10560,  10880,  11104
   1648672,   8240,  10592,  10880,  11136
   1648732,   8224,  10704,  10864,  11088
   1648792,   8240,  10688,  10880,  11104
   1648852,   8240,  10544,  10880,  11056
   1648912,   8208,  10464,  10864,  10928
   1648972,   8240,  10224,  10880,  10688
   1649032,   8224,  10736,  10864,  10592
   1649097,   8256,  10304,  10880,  10944
   1649157,   8240,  10400,  10880,  10448
   1649217,   8256,  10784,  10864,  10800
   1649277,   8240,  11024,  10864,  10976
   1649337,   8256,  10800,  10880,  11088
   1649397,   8240,  10928,  10864,  11120
   1649457,   8208,  10912,  10864,  11104
   1649517,   8208,  10816,  10848,  11104
   1649577,   8224,  10720,  10848,  11168
   1649637,   8224,  10480,  10864,  10960
   1649697,   8272,  10224,  10896,  10592
   1649762,   8208,  10768,  10864,  10864
   1649822,   8256,  10368,  10880,  10864
   1649882,   8272,  10224,  10896,  10576
   1649942,   8224,  10320,  10864,  10480
   1650002,   8224,  10496,  10864,  10464
   1650062,   8256,  10592,  10864,  10464
   1650122,   8288,  10304,  10880,  10432
   1650182,   8256,  10240,  10864,  10560
   1650242,   8272,  10464,  10864,  10432
   1650302,   8224,  10288,  10880,  10448
   1650362,   8272,  10240,  10896,  10736
   1650422,   8240,  10640,  10880,  11056
   1650487,   8240,  10496,  10864,  11120
   1650547,   8272,  10672,  10880,  11040
   1650607,   8224,  10912,  10896,  10880
   1650667,   8224,  10768,  10864,  10720
   1650727,   8240,  10384,  10864,  10448
   1650787,   8224,  10288,  10880,  10464
   1650847,   8272,  10256,  10848,  10464
   1650907,   8272,  10368,  10880,  10448
   1650967,   8240,  10272,  10880,  10480
   1651027,   8240,  10256,  10880,  10720
   1651087,   8224,  10512,  10880,  11056
   1651147,   8224,  10768,  10864,  11072
   1651212,   8256,  10192,  10864,  10976
   1651272,   8272,  10224,  10880,  10544
   1651332,   8272,  10256,  10896,  10736
   1651392,   8240,  10256,  10880,  10448
   1651452,   8288,  10256,  10896,  10416
   1651512,   8256,  10544,  10864,  10464
   1651572,   8240,  10928,  10880,  10640
   1651632,   8272,  10832,  10880,  10960
   1651692,   8224,  10768,  10864,  11120
   1651752,   8256,  10416,  10880,  10816
   1651812,   8240,  10400,  10864,  10848
   1651877,   8256,  10240,  10864,  10480
   1651937,   8224,  10224,  10880,  10464
   1651997,   8288,  10208,  10880,  10528
   1652057,   8272,  10400,  10880,  10848
   1652117,   8256,  10864,  10864,  10960
   1652177,   8240,  10656,  10864,  10592
   1652237,   8240,  10272,  10880,  10416
   1652297,   8224,  10272,  10864,  10384
   1652357,   8224,  10224,  10896,  10656
   1652417,   8240,  10512,  10880,  11040
   1652477,   8256,  10976,  10896,  10976
   1652537,   8272,  10656,  10880,  10464
   1652602,   8272,  10784,  10864,  10752
   1652662,   8240,  10912,  10880,  11008
   1652722,   8224,  10912,  10848,  10944
   1652782,   8240,  10736,  10864,  10512
   1652842,   8208,  10528,  10880,  10384
   1652902,   8240,  10656,  10880,  10528
   1652962,   8272,  10784,  10848,  10496
   1653022,   8256,  10672,  10880,  10432
   1653082,   8224,  10800,  10880,  10656
   1653142,   8288,  10784,  10880,  10400
   1653202,   8240,  10784,  10864,  10560
   1653262,   8224,  10848,  10880,  10768
   1653327,   8224,  10400,  10880,  10960
   1653387,   8272,  10448,  10864,  10400
   1653447,   8224,  10464,  10880,  10352
   1653507,   8272,  10624,  10864,  10528
   1653567,   8256,  10912,  10864,  10608
   1653627,   8256,  10720,  10880,  10464
   1653687,   8256,  10624,  10864,  10528
   1653747,   8256,  10736,  10864,  10496
   1653807,   8256,  10640,  10848,  10416
   1653867,   8272,  10880,  10880,  11056
   1653927,   8256,  10720,  10864,  10976
   1653992,   8240,  10448,  10864,  10464
   1654052,   8256,  10704,  10880,  10448
   1654112,   8256,  10880,  10880,  10864
   1654172,   8224,  10944,  10848,  10656
   1654232,   8240,  10848,  10880,  10608
   1654292,   8272,  10768,  10880,  10672
   1654352,   8272,  10704,  10880,  10432
   1654412,   8240,  10480,  10864,  10304
   1654472,   8256,  10256,  10880,  10320
   1654532,   8240,  10224,  10880,  10560
   1654592,   8224,  10416,  10880,  10768
   1654652,   8272,  10736,  10864,  10976
   1654717,   8256,  10656,  10864,  10896
   1654777,   8272,  10832,  10896,  10752
   1654837,   8272,  10896,  10864,  10880
   1654897,   8272,  10816,  10880,  10976
   1654957,   8272,  10768,  10880,  10496
   1655017,   8224,  10288,  10864,  10384
   1655077,   8288,  10224,  10864,  10592
   1655137,   8256,  10368,  10880,  10800
   1655197,   8288,  10384,  10896,  10960
   1655257,   8240,  10880,  10880,  11104
   1655317,   8272,  10608,  10880,  10496
   1655382,   8240,  10528,  10848,  10576
   1655442,   8240,  10224,  10880,  10736
   1655502,   8224,  10560,  10880,  11008
   1655562,   8240,  10720,  10864,  10560
   1655622,   8224,  10224,  10864,  10432
   1655682,   8256,  10272,  10880,  10768
   1655742,   8256,  10912,  10864,  11008
   1655802,   8256,  10624,  10880,  10464
   1655862,   8256,  10224,  10880,  10480
   1655922,   8256,  10288,  10880,  10816
   1655982,   8208,  10816,  10864,  11056
   1656042,   8272,  10816,  10864,  10704
   1656107,   8272,  10848,  10880,  10752
   1656167,   8256,  10800,  10864,  10656
   1656227,   8224,  10672,  10848,  10656
   1656287,   8272,  10576,  10864,  10480
   1656347,   8240,  10240,  10864,  10464
   1656407,   8224,  10192,  10880,  10656
   1656467,   8240,  10352,  10864,  10896
   1656527,   8240,  10992,  10864,  10880
   1656587,   8224,  10736,  10880,  10624
   1656647,   8224,  10208,  10864,  10496
   1656707,   8240,  10496,  10864,  11040
   1656767,   8240,  10864,  10864,  11040
   1656831,   8208,  10592,  10880,  11072
   1656892,   8240,  10976,  10880,  10848
   1656952,   8272,  10288,  10864,  10432
   1657012,   8272,  10336,  10896,  10880
   1657072,   8208,  10896,  10864,  11040
   1657132,   8272,  10336,  10896,  10416
   1657192,   8256,  10288,  10848,  10720
   1657252,   8224,  10800,  10896,  11024
   1657312,   8224,  10656,  10864,  10624
   1657372,   8256,  10208,  10896,  10464
   1657432,   8224,  10848,  10880,  11040
   1657497,   8288,  10832,  10864,  11120
   1657557,   8272,  10240,  10896,  10736
   1657617,   8240,  10720,  10880,  10512
   1657677,   8224,  10720,  10896,  11008
   1657737,   8272,  10416,  10880,  10400
   1657797,   8272,  10288,  10880,  10816
   1657857,   8256,  10848,  10880,  10816
   1657917,   8272,  10256,  10880,  10416
   1657977,   8240,  10416,  10992,  10928
   1658037,   8256,  10880,  10912,  10832
   1658097,   8256,  10272,  10864,  10544
   1658157,   8272,  10304,  10864,  10960
   1658222,   8256,  10592,  10736,  11200
   1658282,   8272,  10880,  10848,  11088
   1658342,   8240,  10480,  10848,  10608
   1658402,   8224,  10512,  10928,  11168
   1658462,   8240,  10640,  10880,  10672
   1658522,   8208,  10736,  10848,  11248
   1658582,   8240,  10480,  10864,  11216
   1658642,   8240,  10208,  10912,  10704
   1658702,   8224,  10560,  10864,  10704
   1658762,   8272,  10784,  10912,  11392
   1658822,   8256,  10240,  10960,  10896
   1658882,   8224,  10912,  10928,  10928
   1658947,   8240,  10416,  10976,  10912
   1659007,   8224,  10928,  10816,  11520
   1659067,   8224,  10416,  10896,  11296
   1659127,   8240,  10592,  10800,  10848
   1659187,   8288,  10912,  10960,  11536
   1659247,   8240,  10368,  10880,  11168
   1659307,   8224,  10672,  10864,  10944
   1659367,   8256,  10800,  10896,  11536
   1659427,   8288,  10368,  10848,  10896
   1659487,   8240,  11024,  11120,  11392
   1659547,   8272,  10848,  10928,  11664
   1659612,   8256,  10384,  10784,  11056
   1659672,   8272,  10960,  10864,  11120
   1659732,   8240,  10816,  11296,  11632
   1659792,   8272,  10384,  10912,  11216
   1659852,   8256,  10544,  10960,  10976
   1659912,   8256,  11072,  11024,  11408
   1659972,   8272,  10800,  10832,  11712
   1660032,   8256,  10464,  10736,  11024
   1660092,   8256,  11120,  10800,  11232
   1660152,   8272,  11040,  10768,  11600
   1660212,   8256,  10784,  10880,  11616
   1660272,   8224,  10448,  10816,  11184
   1660337,   8224,  11088,  10880,  11200
   1660397,   8240,  10496,  10832,  11328
   1660457,   8240,  10912,  10864,  11024
   1660517,   8256,  11008,  10864,  11552
   1660577,   8256,  10400,  10864,  11056
   1660637,   8240,  10912,  10880,  11008
   1660697,   8272,  11024,  10880,  11296
   1660757,   8256,  10432,  10864,  11264
   1660817,   8272,  10800,  10848,  11056
   1660877,   8256,  10768,  10864,  11600
   1660937,   8224,  10384,  10880,  10992
   1660997,   8224,  11072,  10144,  11088
   1661062,   8240,  10352,  10736,  11040
   1661122,   8240,  10832,  10880,  10896
   1661182,   8272,  10960,  10864,  11552
   1661242,   8224,  10576,  10800,  11344
   1661302,   8256,  10400,  10816,  10848
   1661362,   8224,  11120,  10784,  11136
   1661422,   8224,  10608,  10864,  11296
   1661482,   8272,  10432,  10864,  10736
   1661542,   8208,  10944,  10864,  11056
   1661602,   8224,  10784,  10848,  11424
   1661662,   8256,  10352,  10880,  11072
   1661727,   8240,  11104,  10864,  10880
   1661787,   8224,  10464,  10864,  11168
   1661847,   8224,  10560,  10864,  10736
   1661907,   8272,  10784,  10864,  11424
   1661967,   8256,  10464,  10800,  10800
   1662027,   8224,  10928,  10896,  11536
   1662087,   8288,  10368,  10800,  11120
   1662147,   8272,  10832,  10816,  10912
   1662207,   8256,  10880,  11152,  11520
   1662267,   8224,  10368,  10752,  10944
   1662327,   8256,  10992,  10944,  11200
   1662387,   8224,  10864,  10864,  11584
   1662452,   8272,  10368,  11104,  11184
   1662512,   8272,  10768,  10752,  10992
   1662572,   8272,  10512,  10896,  11392
   1662632,   8256,  10848,  10704,  11104
   1662692,   8224,  10672,  10848,  11600
   1662752,   8240,  10384,  10864,  11088
   1662812,   8272,  10752,  10864,  11120
   1662872,   8208,  11056,  10864,  11728
   1662932,   8240,  10512,  10896,  11440
   1662992,   8240,  10688,  10912,  11072
   1663052,   8240,  11152,  11168,  11616
   1663117,   8256,  10448,  10912,  11104
   1663177,   8224,  11088,  10800,  11712
   1663237,   8240,  10784,  10864,  11760
   1663297,   8288,  10464,  10784,  11424
   1663357,   8288,  10448,  10848,  11152
   1663417,   8240,  10736,  10864,  11104
   1663477,   8208,  11056,  10832,  11264
   1663537,   8224,  10784,  10896,  11616
   1663597,   8288,  10400,  10784,  11216
   1663657,   8240,  10432,  10848,  11104
   1663717,   8240,  10656,  10800,  10992
   1663777,   8272,  10992,  10928,  11200
   1663842,   8256,  10496,  10880,  11536
   1663902,   8240,  10896,  10832,  11056
   1663962,   8272,  11120,  10896,  11472
   1664022,   8224,  10704,  10848,  11520
   1664082,   8224,  10400,  10848,  10944
   1664142,   8272,  11008,  10880,  11376
   1664202,   8240,  10368,  10880,  11232
   1664262,   8256,  10768,  10848,  11072
   1664322,   8240,  10512,  10864,  11424
   1664382,   8224,  10704,  10848,  10928
   1664442,   8224,  11040,  10848,  11488
   1664502,   8240,  10400,  10880,  11184
   1664567,   8192,  10992,  10848,  11392
   1664627,   8240,  10560,  10880,  11536
   1664687,   8288,  10336,  10880,  10960
   1664747,   8240,  10448,  10864,  10848
   1664807,   8208,  11056,  10848,  11184
   1664867,   8224,  10512,  10880,  11296
   1664927,   8272,  10384,  10864,  10816
   1664987,   8256,  10944,  10880,  11136
   1665047,   8272,  10528,  10880,  11376
   1665107,   8240,  10304,  10880,  10896
   1665167,   8256,  10720,  10848,  10944
   1665232,   8272,  10384,  10848,  11136
   1665292,   8240,  10320,  10848,  10832
   1665352,   8256,  10464,  10848,  10768
   1665412,   8288,  10640,  10864,  10784
   1665472,   8256,  10880,  10880,  10960
   1665532,   8272,  10912,  10864,  11360
   1665592,   8272,  10368,  10864,  11216
   1665652,   8272,  10288,  10880,  10816
   1665712,   8240,  10928,  10864,  11216
   1665772,   8272,  10576,  10864,  11408
   1665832,   8272,  10320,  10864,  10832
   1665892,   8240,  11056,  10848,  11360
   1665957,   8272,  10496,  10864,  10768
   1666017,   8272,  10368,  10864,  11200
   1666077,   8256,  10432,  10864,  10784
   1666137,   8240,  11072,  10864,  11200
   1666197,   8256,  10528,  10864,  11312
   1666257,   8272,  10352,  10848,  10768
   1666317,   8224,  10912,  10864,  10992
   1666377,   8208,  10944,  10864,  11280
   1666437,   8256,  10592,  10864,  11360
   1666497,   8208,  10320,  10864,  11104
   1666557,   8256,  10304,  10864,  11056
   1666617,   8256,  10256,  10864,  10864
   1666682,   8256,  10928,  10832,  11008
   1666742,   8256,  10768,  10848,  11424
   1666802,   8240,  10288,  10864,  10928
   1666862,   8224,  10496,  10880,  10848
   1666922,   8240,  10608,  10896,  10864
   1666982,   8272,  10672,  10848,  10880
   1667042,   8240,  10608,  10880,  10848
   1667102,   8272,  10384,  10864,  10864
   1667162,   8240,  10480,  10864,  10816
   1667222,   8224,  10576,  10864,  10832
   1667282,   8208,  10784,  10864,  10944
   1667359,   8240,  10432,  10864,  11376
   1667419,   8272,  10704,  10816,  10928
   1667479,   8272,  10816,  10864,  10896
   1667539,   8224,  10704,  10832,  10928
   1667599,   8224,  10992,  10848,  10928
   1667659,   8272,  10608,  10864,  11440
   1667719,   8288,  10352,  10880,  11168
   1667779,   8240,  10672,  10880,  10912
   1667839,   8256,  10992,  10880,  11104
   1667899,   8256,  10720,  10880,  11408
   1667959,   8224,  10560,  10848,  11600
   1668019,   8272,  10416,  10768,  11632
   1668084,   8240,  10336,  10848,  11024
   1668144,   8272,  10816,  10832,  11024
   1668204,   8224,  10912,  10864,  11104
   1668264,   8240,  10928,  10880,  11216
   1668324,   8240,  10880,  10832,  11120
   1668384,   8256,  10768,  10880,  11040
   1668444,   8224,  10720,  10864,  11008
   1668504,   8240,  10720,  10848,  11008
   1668564,   8224,  10736,  10848,  10992
   1668624,   8240,  10688,  10832,  10960
   1668684,   8288,  10576,  11136,  10976
   1668744,   8256,  10592,  10992,  10992
   1668809,   8240,  10960,  10880,  11024
   1668869,   8256,  10944,  10816,  11312
   1668929,   8208,  10928,  11056,  11264
   1668989,   8272,  10992,  10848,  11344
   1669049,   8224,  11024,  10832,  11424
   1669109,   8272,  11008,  10896,  11376
   1669169,   8240,  11056,  10864,  11536
   1669229,   8272,  11024,  10880,  11392
   1669289,   8224,  11008,  10848,  11360
   1669349,   8240,  11040,  10848,  11520
   1669409,   8256,  10992,  10864,  11616
   1669474,   8272,  10816,  10864,  11536
   1669534,   8256,  10928,  10880,  11536
   1669594,   8240,  10656,  10848,  11456
   1669654,   8272,  10688,  10864,  11472
   1669714,   8224,  10800,  10864,  11520
   1669774,   8240,  10832,  10896,  11552
   1669834,   8272,  11024,  10848,  11536
   1669894,   8272,  11104,  10864,  11472
   1669954,   8224,  11136,  10848,  11360
   1670014,   8256,  11136,  10624,  11360
   1670074,   8224,  10608,  10816,  11024
   1670134,   8256,  10368,  10768,  11200
   1670199,   8272,  10384,  10832,  11120
   1670259,   8256,  10432,  11088,  11392
   1670319,   8240,  11168,  10832,  11392
   1670379,   8240,  10688,  10736,  11056
   1670439,   8224,  10416,  10864,  11088
   1670499,   8272,  10704,  10848,  11648
   1670559,   8256,  10752,  10864,  11104
   1670619,   8256,  10448,  10880,  11456
   1670679,   8192,  11040,  10832,  11344
   1670739,   8224,  10384,  10848,  11200
   1670799,   8288,  10752,  10960,  11648
   1670864,   8208,  10496,  10784,  11504
   1670924,   8240,  10752,  10880,  11696
   1670984,   8240,  11008,  10832,  11360
   1671044,   8240,  10640,  10864,  10992
   1671104,   8224,  10400,  10848,  11152
   1671164,   8240,  10864,  10864,  11584
   1671224,   8256,  10944,  10864,  11136
   1671284,   8272,  10416,  10880,  11024
   1671344,   8256,  10464,  10864,  11408
   1671404,   8240,  10992,  10848,  11296
   1671464,   8272,  10352,  10880,  11216
   1671524,   8256,  10960,  10864,  11520
   1671589,   8272,  10944,  10848,  11200
   1671649,   8240,  10832,  10848,  11152
   1671709,   8240,  10416,  10896,  10928
   1671769,   8256,  10320,  10880,  10960
   1671829,   8256,  10352,  10864,  11232
   1671889,   8240,  10848,  10848,  11488
   1671949,   8272,  10720,  10848,  10912
   1672009,   8288,  10352,  10864,  11104
   1672069,   8224,  10864,  10848,  11520
   1672129,   8272,  11104,  10864,  11216
   1672189,   8256,  10432,  10848,  10896
   1672249,   8272,  10384,  10912,  11328
   1672314,   8256,  10352,  10848,  11216
   1672374,   8240,  10608,  10816,  11568
   1672434,   8240,  10960,  10896,  11680
   1672494,   8272,  11088,  10816,  11696
   1672554,   8272,  11136,  10704,  11408
   1672614,   8272,  10416,  10736,  11200
   1672674,   8256,  10992,  10928,  11840
   1672734,   8256,  10592,  10928,  11120
   1672794,   8256,  10448,  10832,  11472
   1672854,   8208,  11072,  10864,  11472
   1672914,   8240,  10432,  10832,  11232
   1672979,   8240,  10576,  10720,  11728
   1673039,   8240,  11088,  11344,  11616
   1673099,   8256,  10496,  10944,  11136
   1673159,   8224,  11088,  10912,  11696
   1673219,   8256,  10416,  10864,  11184
   1673279,   8224,  10992,  10848,  11808
   1673339,   8240,  10576,  10848,  11056
   1673399,   8224,  10608,  10848,  11584
   1673459,   8256,  10496,  10848,  11008
   1673519,   8288,  10768,  10864,  11632
   1673579,   8272,  10720,  10864,  11024
   1673639,   8224,  10640,  10880,  11600
   1673704,   8224,  10864,  10864,  11408
   1673764,   8224,  10672,  10848,  10992
   1673824,   8272,  10912,  10880,  11712
   1673884,   8224,  10592,  10864,  10992
   1673944,   8272,  10368,  10864,  11280
   1674004,   8208,  10800,  10848,  11600
   1674064,   8240,  11008,  10848,  11264
   1674124,   8240,  10976,  10864,  11168
   1674184,   8208,  10752,  10848,  10992
   1674244,   8224,  10416,  10864,  10992
   1674304,   8256,  10496,  10944,  11456
   1674364,   8240,  10960,  11232,  11696
   1674429,   8288,  10640,  10768,  11536
   1674489,   8224,  11072,  10960,  11568
   1674549,   8224,  10688,  10880,  11104
   1674609,   8224,  10480,  10832,  11072
   1674669,   8256,  10496,  10864,  11424
   1674729,   8224,  11056,  10864,  11680
   1674789,   8272,  11184,  10832,  11584
   1674849,   8224,  10848,  10912,  11200
   1674909,   8256,  10432,  10752,  11472
   1674969,   8224,  11072,  10992,  11584
   1675029,   8256,  10592,  10896,  11728
   1675094,   8288,  10992,  10752,  11280
   1675154,   8256,  10464,  10864,  11136
   1675214,   8272,  10416,  10864,  11424
   1675274,   8256,  10464,  10832,  11456
   1675334,   8208,  10768,  10880,  11712
   1675394,   8256,  10976,  10864,  11632
   1675454,   8272,  11024,  10864,  11280
   1675514,   8240,  10912,  10848,  11136
   1675574,   8240,  10592,  10880,  11008
   1675634,   8256,  10416,  10848,  11072
   1675694,   8272,  10480,  10864,  11424
   1675754,   8224,  10960,  10848,  11616
   1675819,   8224,  10512,  10864,  11584
   1675879,   8240,  10576,  10864,  11600
   1675939,   8256,  11024,  10864,  11520
   1675999,   8208,  10960,  10864,  11312
   1676059,   8224,  10800,  10912,  11136
   1676119,   8240,  10384,  10896,  11232
   1676179,   8224,  10960,  10560,  11760
   1676239,   8256,  11136,  10816,  11424
   1676299,   8240,  10544,  10880,  11104
   1676359,   8272,  10512,  10880,  11552
   1676419,   8240,  10976,  10896,  11824
   1676479,   8256,  10800,  10576,  11264
   1676544,   8288,  10752,  10784,  11216
   1676604,   8240,  10432,  10880,  11200
   1676664,   8240,  10656,  10864,  11744
   1676724,   8224,  10896,  10832,  11328
   1676784,   8224,  10384,  10880,  11216
   1676844,   8272,  10912,  10848,  11696
   1676904,   8224,  10512,  10704,  11056
   1676964,   8272,  10624,  10864,  11648
   1677024,   8272,  11184,  10544,  11568
   1677084,   8256,  10688,  10848,  11136
   1677144,   8256,  10544,  10880,  11648
   1677209,   8272,  11168,  10832,  11344
   1677269,   8256,  10416,  10848,  11360
   1677329,   8256,  11024,  10864,  11456
   1677389,   8272,  10352,  10864,  11168
   1677449,   8256,  10944,  10880,  11664
   1677509,   8256,  10720,  10864,  11024
   1677569,   8272,  10368,  10880,  11152
   1677629,   8240,  11136,  10864,  11552
   1677689,   8224,  10480,  10848,  11024
   1677749,   8208,  10672,  10848,  11664
   1677809,   8224,  10800,  10880,  11184
   1677869,   8240,  10320,  10848,  11168
   1677934,   8256,  10336,  10848,  11552
   1677994,   8208,  10864,  10880,  11728
   1678054,   8208,  11008,  10848,  11408
   1678114,   8272,  10480,  10864,  10992
   1678174,   8240,  10336,  10864,  11136
   1678234,   8272,  10704,  10864,  11600
   1678294,   8240,  10976,  10848,  11424
   1678354,   8240,  10640,  10848,  10928
   1678414,   8256,  10320,  10864,  11088
   1678474,   8272,  10704,  10864,  11536
   1678534,   8240,  11136,  10848,  11360
   1678599,   8288,  10992,  10816,  11136
   1678659,   8240,  10560,  10848,  10912
   1678719,   8288,  10512,  10880,  11408
   1678779,   8240,  10944,  10864,  11072
   1678839,   8240,  10528,  10880,  11536
   1678899,   8224,  10416,  10864,  10912
   1678959,   8240,  10640,  10848,  11552
   1679019,   8288,  10368,  10832,  11232
   1679079,   8208,  10656,  10880,  10912
   1679139,   8272,  10880,  10944,  11728
   1679199,   8288,  10320,  10848,  11120
   1679259,   8256,  10928,  10800,  11200
   1679324,   8272,  10432,  10864,  11456
   1679384,   8288,  10480,  10848,  10992
   1679444,   8272,  10912,  10880,  11616
   1679504,   8240,  10336,  10864,  11200
   1679564,   8272,  10496,  10896,  11024
   1679624,   8224,  10752,  11040,  11680
   1679684,   8256,  10384,  10672,  11072
   1679744,   8256,  11120,  10880,  11488
   1679804,   8240,  10560,  10864,  11616
   1679864,   8256,  10736,  10848,  11104
   1679924,   8240,  10336,  10848,  11280
   1679984,   8256,  11024,  10848,  11440
   1680049,   8288,  10384,  10880,  11200
   1680109,   8272,  10864,  10848,  11552
   1680169,   8240,  10512,  10880,  10864
   1680229,   8272,  10544,  10864,  11376
   1680289,   8224,  11072,  10832,  11120
   1680349,   8224,  10368,  10848,  10896
   1680409,   8288,  10400,  10880,  11248
   1680469,   8256,  10832,  10880,  11616
   1680529,   8240,  10976,  10864,  11312
   1680589,   8256,  10384,  10832,  10880
   1680649,   8288,  10448,  10880,  11392
   1680714,   8272,  10464,  10992,  11696
   1680774,   8224,  10832,  10944,  11264
   1680834,   8240,  10496,  11056,  11600
   1680894,   8208,  10768,  10848,  11120
   1680954,   8272,  10800,  10816,  11696
   1681014,   8256,  10352,  10816,  11216
   1681074,   8256,  10976,  10896,  11408
   1681134,   8256,  10384,  10736,  11456
   1681194,   8272,  11040,  10848,  11392
   1681254,   8256,  10448,  10800,  11440
   1681314,   8288,  11184,  10848,  11408
   1681374,   8208,  10384,  10864,  11200
   1681439,   8272,  10464,  10880,  11680
   1681499,   8256,  11104,  10848,  11648
   1681559,   8240,  10960,  10864,  11184
   1681619,   8272,  10464,  10864,  11088
   1681679,   8224,  10512,  10848,  11520
   1681739,   8256,  11056,  10848,  11616
   1681799,   8224,  10448,  10864,  11008
   1681859,   8288,  10592,  10880,  11600
   1681919,   8256,  10880,  10880,  11104
   1681979,   8240,  10384,  10880,  11040
   1682039,   8240,  11072,  10864,  11568
   1682099,   8240,  10480,  10848,  10992
   1682164,   8224,  10640,  10880,  11584
   1682224,   8272,  11136,  10848,  11344
   1682284,   8272,  10352,  10864,  11184
   1682344,   8224,  10976,  10864,  11328
   1682404,   8272,  10608,  10864,  11536
   1682464,   8272,  10480,  10848,  10928
   1682524,   8272,  11008,  10880,  11584
   1682584,   8256,  10464,  10864,  10976
   1682644,   8256,  11024,  10848,  11456
   1682704,   8272,  10384,  10880,  11312
   1682764,   8256,  10848,  10864,  11008
   1682829,   8224,  10368,  10864,  11520
   1682889,   8208,  10944,  10848,  11136
   1682949,   8240,  10480,  10880,  11360
   1683009,   8240,  11024,  10848,  11120
   1683069,   8272,  10304,  10880,  11040
   1683129,   8256,  11008,  10864,  11440
   1683189,   8224,  10352,  10880,  11248
   1683249,   8272,  10432,  10864,  10896
   1683309,   8224,  11120,  10864,  11408
   1683369,   8272,  10320,  10864,  11088
   1683429,   8272,  11008,  10880,  11472
   1683489,   8272,  10336,  10896,  10960
   1683554,   8240,  10432,  10864,  11408
   1683614,   8256,  10896,  10880,  11616
   1683674,   8256,  10496,  10864,  10880
   1683734,   8272,  10480,  10864,  11392
   1683794,   8208,  10896,  10848,  11008
   1683854,   8240,  10336,  10880,  11056
   1683914,   8240,  11024,  10880,  11456
   1683974,   8224,  10816,  10864,  10912
   1684034,   8240,  10416,  10880,  11280
   1684094,   8256,  10896,  10880,  11168
   1684154,   8208,  10304,  10864,  10928
   1684214,   8208,  10784,  10864,  10896
   1684279,   8240,  10432,  10848,  10976
   1684339,   8240,  10416,  10864,  11264
   1684399,   8240,  10816,  10848,  10896
   1684459,   8224,  10304,  10880,  10992
   1684519,   8256,  11104,  10880,  11232
   1684579,   8224,  10400,  10912,  11264
   1684639,   8240,  10864,  10864,  11088
   1684699,   8288,  10416,  10864,  11280
   1684759,   8240,  10752,  10880,  10816
   1684819,   8240,  10688,  10864,  11408
   1684879,   8224,  10800,  10864,  10848
   1684944,   8256,  10320,  10864,  11056
   1685004,   8256,  10944,  10864,  11392
   1685064,   8240,  10432,  10896,  10784
   1685124,   8272,  10512,  10864,  11360
   1685184,   8240,  10944,  10848,  11184
   1685244,   8256,  10288,  10864,  10832
   1685304,   8256,  10672,  10864,  11392
   1685364,   8240,  10736,  10864,  10768
   1685424,   8256,  10304,  10880,  10944
   1685484,   8240,  10736,  10880,  11360
   1685544,   8272,  10928,  10864,  10880
   1685604,   8240,  10288,  10880,  10848
   1685669,   8272,  10304,  10880,  11088
   1685729,   8224,  10544,  10880,  11248
   1685789,   8208,  11072,  10848,  11120
   1685849,   8272,  10304,  10848,  10800
   1685909,   8256,  10928,  10880,  11440
   1685969,   8240,  10496,  10864,  10752
   1686029,   8256,  10320,  10864,  11088
   1686089,   8224,  10928,  10864,  11232
   1686149,   8240,  10544,  10864,  10688
   1686209,   8224,  10336,  10880,  10992
   1686269,   8240,  10896,  10864,  11360
   1686334,   8288,  10960,  10864,  11184
   1686394,   8256,  10416,  10880,  10688
   1686454,   8240,  10384,  10864,  11104
   1686514,   8256,  11024,  10848,  11264
   1686574,   8256,  10480,  10864,  10704
   1686634,   8272,  10688,  10880,  11440
   1686694,   8240,  10624,  10848,  10768
   1686754,   8224,  10352,  10880,  11056
   1686814,   8224,  10944,  10864,  10976
   1686874,   8256,  10304,  10880,  11008
   1686934,   8256,  10624,  10880,  10688
   1686994,   8272,  10352,  10896,  11088
   1687059,   8240,  10912,  10880,  10928
   1687119,   8256,  10288,  10864,  10816
   1687179,   8240,  10896,  10864,  10992
   1687239,   8272,  10512,  10864,  11264
   1687299,   8256,  10576,  10864,  10656
   1687359,   8272,  10384,  10864,  11056
   1687419,   8272,  10976,  10880,  10848
   1687479,   8272,  10400,  10864,  11120
   1687539,   8240,  10816,  10848,  10880
   1687599,   8272,  10384,  10880,  11088
   1687659,   8256,  10608,  10848,  10624
   1687719,   8208,  10992,  10864,  11168
   1687784,   8240,  10656,  10848,  10624
   1687844,   8240,  10976,  10880,  11200
   1687904,   8240,  10304,  10880,  10976
   1687964,   8272,  10416,  10880,  10608
   1688024,   8208,  10688,  10896,  11232
   1688084,   8272,  10560,  10864,  10576
   1688144,   8240,  10592,  10896,  11200
   1688204,   8240,  10304,  10864,  10656
   1688264,   8224,  10768,  10864,  11312
   1688324,   8256,  10288,  10864,  10608
   1688384,   8208,  10928,  10848,  10864
   1688449,   8208,  10352,  10864,  11088
   1688509,   8240,  10832,  10880,  10720
   1688569,   8240,  10400,  10864,  11008
   1688629,   8240,  10944,  10864,  10752
   1688689,   8256,  10288,  10880,  10864
   1688749,   8224,  10944,  10848,  11216
   1688809,   8256,  10352,  10864,  10560
   1688869,   8208,  10592,  10832,  11184
   1688929,   8240,  10704,  10864,  10592
   1688989,   8256,  10288,  10880,  10624
   1689049,   8272,  10640,  10880,  11136
   1689109,   8256,  10864,  10880,  10672
   1689174,   8240,  10688,  10864,  10560
   1689234,   8256,  10256,  10880,  10704
   1689294,   8224,  10896,  10864,  11184
   1689354,   8272,  10816,  10864,  10624
   1689414,   8272,  10320,  10880,  10576
   1689474,   8240,  10544,  10864,  11152
   1689534,   8256,  10640,  10864,  10624
   1689594,   8272,  10464,  10880,  11104
   1689654,   8240,  10480,  10848,  10512
   1689714,   8224,  11008,  10880,  11072
   1689774,   8288,  10304,  10880,  10896
   1689834,   8240,  10736,  10864,  10704
   1689898,   8240,  10288,  10864,  10944
   1689959,   8240,  10944,  10864,  11040
   1690019,   8256,  10304,  10880,  10848
   1690079,   8272,  10800,  10896,  10624
   1690139,   8288,  10400,  10880,  10976
   1690199,   8256,  10448,  10896,  10512
   1690259,   8272,  10896,  10864,  10880
   1690319,   8272,  10368,  10880,  10992
   1690379,   8256,  10464,  10864,  10496
   1690439,   8272,  11056,  10864,  10896
   1690499,   8272,  10432,  10880,  11072
   1690564,   8240,  10240,  10880,  10592
   1690624,   8256,  10704,  10864,  10544
   1690684,   8256,  10656,  10864,  11136
   1690744,   8256,  10320,  10880,  10592
   1690804,   8272,  11072,  10880,  10880
   1690864,   8288,  10304,  10896,  10912
   1690924,   8256,  10816,  10880,  10768
   1690984,   8256,  10640,  10864,  11152
   1691044,   8224,  10272,  10864,  10720
   1691104,   8224,  10560,  10848,  10512
   1691164,   8240,  10928,  10880,  11136
   1691224,   8256,  10592,  10880,  11136
   1691414,   8256,  10304,  10864,  10832
   1691474,   8256,  10704,  10864,  10528
   1691534,   8224,  10528,  10864,  11088
   1691594,   8272,  10272,  10864,  10624
   1691654,   8208,  10816,  10864,  10608
   1691714,   8256,  10896,  10880,  11136
   1691774,   8256,  10544,  10864,  11088
   1691834,   8256,  10256,  10880,  10592
   1691894,   8240,  10768,  10864,  10560
   1691954,   8272,  10816,  10880,  11184
   1692014,   8272,  10560,  10880,  11088
   1692074,   8272,  10256,  10864,  10720
   1692257,   8240,  10240,  10864,  10544
