    540998,   8208,   8064,  12688,   7888
    541072,   8208,   8256,  12688,   8400
    541132,   8192,   8560,  12688,   7984
    541192,   8192,   8320,  12656,   7728
    541252,   8192,   7952,  12688,   7648
    541312,   8208,   7904,  12688,   7760
    541372,   8224,   7904,  12672,   7856
    541432,   8176,   8144,  12688,   8176
    541492,   8224,   8560,  12704,   8256
    541552,   8176,   8656,  12688,   7968
    541612,   8208,   8128,  12688,   7600
    541672,   8208,   7936,  12688,   7792
    541737,   8208,   8480,  12688,   7856
    541797,   8224,   7952,  12688,   7632
    541857,   8176,   8256,  12688,   8080
    541917,   8192,   8592,  12656,   8336
    541977,   8176,   8144,  12688,   7872
    542037,   8208,   7920,  12688,   7696
    542097,   8208,   8384,  12688,   8064
    542157,   8192,   8672,  12672,   8224
    542217,   8192,   8608,  12672,   7840
    542277,   8224,   8640,  12688,   7904
    542337,   8176,   8496,  12688,   7792
    542397,   8208,   8560,  12688,   7840
    542462,   8192,   7952,  12688,   7648
    542522,   8208,   8512,  12688,   8208
    542582,   8192,   8352,  12672,   8128
    542642,   8176,   7920,  12688,   7712
    542702,   8176,   7968,  12672,   7648
    542762,   8208,   8000,  12688,   7888
    542822,   8192,   7920,  12704,   8032
    542882,   8224,   8320,  12688,   8368
    542942,   8208,   8560,  12688,   8320
    543002,   8224,   8592,  12704,   8320
    543062,   8192,   8512,  12656,   8336
    543127,   8192,   8448,  12672,   7792
    543187,   8176,   8064,  12688,   7664
    543247,   8208,   7936,  12672,   7984
    543307,   8176,   8560,  12704,   8176
    543367,   8224,   8656,  12688,   8240
    543427,   8160,   8416,  12672,   7984
    543487,   8192,   7984,  12688,   8032
    543547,   8224,   7872,  12688,   7760
    543607,   8208,   8160,  12688,   7808
    543667,   8208,   7920,  12688,   7840
    543727,   8160,   8112,  12688,   7808
    543787,   8176,   7904,  12688,   7696
    543852,   8208,   8656,  12672,   8208
    543912,   8224,   8560,  12688,   8192
    543972,   8224,   8080,  12688,   7808
    544032,   8192,   7968,  12672,   7680
    544092,   8208,   7936,  12672,   7680
    544152,   8224,   7984,  12720,   7728
    544212,   8208,   8064,  12688,   7824
    544272,   8240,   7952,  12688,   7632
    544332,   8192,   7904,  12704,   7632
    544392,   8192,   8080,  12672,   7808
    544452,   8176,   8528,  12688,   7872
    544512,   8224,   8560,  12656,   7968
    544577,   8224,   7952,  12688,   7648
    544637,   8192,   7904,  12688,   7664
    544697,   8208,   7904,  12688,   7616
    544757,   8160,   7920,  12704,   7632
    544817,   8224,   7888,  12688,   7648
    544877,   8192,   7936,  12688,   7648
    544937,   8192,   7904,  12688,   7680
    544997,   8192,   7904,  12688,   7664
    545057,   8224,   7968,  12688,   7744
    545117,   8224,   8288,  12656,   8064
    545177,   8224,   8496,  12688,   8224
    545242,   8224,   8464,  12688,   7728
    545302,   8208,   8544,  12656,   7952
    545362,   8224,   8432,  12672,   7792
    545422,   8240,   8256,  12688,   7696
    545482,   8224,   7920,  12672,   7696
    545542,   8176,   8112,  12688,   7840
    545602,   8192,   7936,  12704,   7936
    545662,   8208,   8272,  12688,   7904
    545722,   8240,   7936,  12672,   7936
    545782,   8176,   8656,  12704,   8224
    545842,   8240,   8192,  12688,   7904
    545902,   8224,   7888,  12688,   7792
    545967,   8240,   8400,  12704,   8256
    546027,   8208,   8720,  12704,   8256
    546087,   8240,   8640,  12704,   8240
    546147,   8208,   8464,  12688,   8112
    546207,   8224,   8592,  12688,   8208
    546267,   8208,   8720,  12704,   8256
    546327,   8192,   8464,  12688,   8128
    546387,   8240,   8304,  12688,   8000
    546447,   8240,   8000,  12672,   8096
    546507,   8192,   8592,  12688,   8144
    546567,   8192,   8592,  12704,   8160
    546627,   8192,   8704,  12688,   8224
    546692,   8192,   8272,  12672,   7600
    546752,   8192,   8656,  12688,   7936
    546812,   8176,   8608,  12688,   7856
    546872,   8224,   8592,  12688,   7888
    546932,   8192,   8512,  12688,   7856
    546992,   8224,   8720,  12704,   8064
    547052,   8176,   8688,  12688,   8272
    547112,   8224,   8656,  12672,   8256
    547172,   8176,   8720,  12704,   8272
    547232,   8208,   8704,  12704,   8256
    547292,   8192,   8672,  12688,   8224
    547357,   8240,   8272,  12672,   7632
    547417,   8176,   8608,  12688,   7904
    547477,   8160,   8720,  12688,   8080
    547537,   8192,   8720,  12704,   8256
    547597,   8208,   8608,  12688,   8224
    547657,   8176,   8064,  12672,   7728
    547717,   8192,   7984,  12672,   7664
    547777,   8176,   7904,  12704,   7632
    547837,   8176,   7936,  12704,   7648
    547897,   8192,   7888,  12688,   7648
    547957,   8160,   7920,  12704,   7664
    548017,   8192,   7888,  12672,   7648
    548082,   8192,   7904,  12688,   7888
    548142,   8224,   7936,  12672,   7712
    548202,   8208,   8304,  12768,   8048
    548262,   8192,   8512,  12704,   8288
    548322,   8240,   8368,  12736,   8288
    548382,   8176,   8048,  12592,   7776
    548442,   8208,   8048,  12640,   7632
    548502,   8160,   8528,  12640,   7952
    548562,   8208,   8432,  12736,   8288
    548622,   8224,   8496,  12784,   8160
    548682,   8240,   8080,  12832,   7728
    548742,   8224,   8192,  12736,   7632
    548807,   8208,   7920,  12880,   7632
    548867,   8192,   8016,  12752,   7712
    548927,   8240,   7984,  12800,   7600
    548987,   8208,   7952,  12832,   7616
    549047,   8192,   7952,  12864,   7680
    549107,   8160,   8544,  12736,   8144
    549167,   8224,   8496,  12784,   8080
    549227,   8224,   7872,  12688,   7664
    549287,   8208,   8272,  12688,   8016
    549347,   8208,   8592,  13024,   8368
    549407,   8224,   8032,  12576,   7872
    549472,   8208,   7856,  13008,   7840
    549532,   8208,   7904,  12720,   7680
    549592,   8224,   8288,  12784,   8128
    549652,   8192,   8384,  12752,   8048
    549712,   8240,   7952,  12736,   7648
    549772,   8192,   7936,  12704,   7664
    549832,   8176,   8256,  12768,   7936
    549892,   8240,   8688,  12896,   8208
    549952,   8208,   8688,  12624,   8288
    550012,   8208,   8608,  12320,   8256
    550072,   8224,   8000,  12624,   7712
    550132,   8176,   8192,  12528,   7680
    550197,   8208,   7904,  12720,   7696
    550257,   8224,   8000,  12608,   7760
    550317,   8192,   8512,  12640,   8256
    550377,   8176,   8368,  12768,   8144
    550437,   8192,   7920,  12432,   7712
    550497,   8208,   7856,  12624,   7616
    550557,   8208,   8000,  12608,   7792
    550617,   8192,   8560,  12704,   8224
    550677,   8176,   8544,  12480,   8272
    550737,   8224,   8592,  12192,   8288
    550797,   8176,   8560,  12544,   8304
    550862,   8192,   8496,  12464,   7888
    550922,   8176,   8368,  12672,   7840
    550982,   8192,   8256,  12624,   7632
    551042,   8192,   8112,  12608,   7600
    551102,   8208,   8064,  12528,   7600
    551162,   8224,   7984,  12048,   7600
    551222,   8224,   7952,  12496,   7600
    551282,   8224,   7968,  12720,   7632
    551342,   8208,   7968,  12560,   7696
    551402,   8224,   7952,  12336,   7648
    551462,   8240,   7936,  12752,   7616
    551522,   8208,   7968,  12416,   7616
    551587,   8224,   7984,  12576,   7760
    551647,   8224,   7936,  12496,   7584
    551707,   8208,   8048,  12656,   7728
    551767,   8192,   8592,  12432,   8208
    551827,   8208,   8592,  12496,   8176
    551887,   8240,   8208,  12464,   7744
    551947,   8208,   7968,  12560,   7664
    552007,   8224,   7984,  12688,   7632
    552067,   8224,   8464,  12320,   8048
    552127,   8208,   8624,  12432,   8144
    552187,   8208,   8592,  12496,   8192
    552247,   8192,   8240,  12464,   7856
    552311,   8176,   8240,  12464,   8016
    552372,   8224,   7984,  12480,   7680
    552432,   8208,   8000,  12224,   7696
    552492,   8224,   8464,  12720,   7792
    552552,   8240,   8656,  12416,   8112
    552612,   8192,   8624,  12192,   8368
    552672,   8208,   8624,  12304,   8304
    552732,   8240,   8576,  12464,   8256
    552792,   8192,   8624,  12224,   8288
    552852,   8176,   8592,  12400,   8256
    552912,   8240,   8576,  12400,   8272
    552977,   8192,   8384,  12432,   7920
    553037,   8176,   8448,  12224,   8352
    553097,   8240,   8416,  12288,   8208
    553157,   8192,   7920,  12640,   7616
    553217,   8208,   8560,  12464,   8240
    553277,   8208,   8064,  12576,   7632
    553337,   8224,   8576,  12160,   7792
    553397,   8176,   8624,  12192,   8192
    553457,   8256,   8560,  12560,   8096
    553517,   8208,   7984,  12416,   7632
    553577,   8208,   7968,  12704,   7696
    553637,   8240,   8512,  12480,   8224
    553702,   8224,   8592,  12352,   8240
    553762,   8208,   8544,  12512,   8352
    553822,   8240,   8112,  12304,   7936
    553882,   8176,   8000,  12544,   7648
    553942,   8192,   8560,  12640,   7952
    554002,   8192,   8416,  12336,   8288
    554062,   8192,   7984,  12336,   7584
    554122,   8224,   8720,  12576,   8272
    554182,   8192,   8064,  12144,   7776
    554242,   8192,   8080,  12704,   7600
    554302,   8240,   8032,  12016,   7904
    554362,   8192,   8752,  12048,   8064
    554427,   8192,   8128,  12416,   8192
    554487,   8192,   8512,  12336,   8224
    554547,   8192,   7920,  12448,   7648
    554607,   8192,   8640,  12240,   8256
    554667,   8240,   7984,  12368,   7648
    554727,   8192,   8672,  11824,   8192
    554787,   8192,   8048,  12544,   7760
    554847,   8208,   8080,  12304,   8256
    554907,   8224,   8096,  12336,   7840
    554967,   8208,   8064,  12400,   8000
    555027,   8240,   8032,  12240,   7728
    555092,   8224,   8528,  12320,   7664
    555152,   8224,   8256,  12176,   8208
    555212,   8192,   7936,  12384,   7648
    555272,   8208,   8656,  12272,   8368
    555332,   8224,   8080,  12224,   7824
    555392,   8192,   8624,  11984,   8160
    555452,   8208,   8128,  11728,   7584
    555512,   8224,   8000,  12176,   7984
    555572,   8208,   8624,  12480,   8144
    555632,   8208,   8000,  12128,   7728
    555692,   8176,   8544,  12144,   8272
    555752,   8240,   7984,  12208,   7600
    555817,   8192,   8688,  12224,   7952
    555877,   8240,   8144,  12448,   8112
    555937,   8224,   8192,  12320,   7888
    555997,   8224,   7968,  12032,   8016
    556057,   8240,   8576,  12432,   7952
    556117,   8240,   7968,  12032,   7616
    556177,   8240,   8656,  11552,   8240
    556237,   8208,   8032,  12128,   7760
    556297,   8208,   8048,  12272,   8224
    556357,   8240,   8224,  12144,   7952
    556417,   8176,   7984,  12256,   7632
    556477,   8192,   8640,  12240,   8192
    556542,   8192,   8032,  12112,   8048
    556602,   8240,   7920,  12080,   7664
    556662,   8192,   8576,  12080,   8304
    556722,   8208,   8032,  12016,   7760
    556782,   8240,   8576,  12048,   8128
    556842,   8224,   8288,  11984,   7824
    556902,   8224,   8688,  12096,   7984
    556962,   8192,   7920,  11696,   7808
    557022,   8240,   8512,  12080,   8272
    557082,   8208,   7936,  12000,   7648
    557142,   8256,   8368,  12016,   8016
    557207,   8240,   8240,  12144,   7664
    557267,   8208,   8112,  12208,   8096
    557327,   8208,   8464,  12112,   8192
    557387,   8224,   7968,  12096,   7648
    557447,   8224,   8048,  11952,   7648
    557507,   8224,   8336,  12192,   8256
    557567,   8208,   8592,  12064,   8304
    557627,   8192,   8160,  12112,   7936
    557687,   8208,   8192,  11984,   7632
    557747,   8176,   8016,  11920,   7664
    557807,   8224,   7984,  12256,   8176
    557867,   8208,   8608,  11968,   8096
    557932,   8224,   8048,  12016,   8032
    557992,   8208,   8432,  12336,   8096
    558052,   8224,   7952,  11904,   7712
    558112,   8192,   8400,  12336,   8160
    558172,   8176,   8416,  11984,   8208
    558232,   8192,   7968,  11904,   7648
    558292,   8208,   8272,  11936,   7904
    558352,   8176,   8352,  11984,   8400
    558412,   8240,   8352,  12176,   8128
    558472,   8208,   7952,  11808,   7600
    558532,   8192,   8704,  11712,   8192
    558597,   8192,   8192,  12032,   7632
    558657,   8256,   7904,  11872,   7824
    558717,   8240,   8576,  11952,   8240
    558777,   8208,   8592,  12096,   8176
    558837,   8208,   8048,  12080,   7776
    558897,   8224,   7920,  12096,   7776
    558957,   8192,   8624,  11968,   8304
    559017,   8208,   8112,  11984,   7840
    559077,   8176,   7952,  11920,   7712
    559137,   8224,   8288,  12016,   8128
    559197,   8192,   8624,  11488,   8272
    559257,   8192,   8608,  12000,   8192
    559322,   8224,   8144,  11600,   7648
    559382,   8240,   7952,  11840,   8032
    559442,   8192,   8176,  11968,   8144
    559502,   8176,   8640,  12192,   8256
    559562,   8176,   8208,  12064,   7952
    559622,   8192,   8048,  12080,   7648
    559682,   8192,   8064,  12016,   8064
    559742,   8208,   8384,  11744,   8080
    559802,   8224,   7936,  11968,   7648
    559862,   8208,   8544,  11744,   8256
    559922,   8208,   7984,  11856,   7696
    559982,   8176,   8416,  11664,   8160
    560047,   8240,   8304,  11776,   8272
    560107,   8192,   8080,  11616,   7632
    560167,   8192,   8656,  11920,   8272
    560227,   8192,   7968,  11472,   7696
    560287,   8256,   8512,  11760,   8352
    560347,   8208,   8320,  11840,   8112
    560407,   8176,   8000,  11680,   7632
    560467,   8224,   8400,  11696,   8256
    560527,   8208,   8128,  11968,   7904
    560587,   8224,   7920,  11904,   7824
    560647,   8176,   8464,  11888,   8208
    560712,   8208,   8016,  11744,   7984
    560772,   8192,   8720,  11680,   8016
    560832,   8192,   8000,  11552,   7760
    560892,   8240,   7936,  11904,   7936
    560952,   8192,   8528,  11792,   8304
    561012,   8240,   8016,  12016,   7616
    561072,   8240,   8688,  11600,   8208
    561132,   8240,   7920,  11840,   7680
    561192,   8256,   8592,  11712,   8384
    561252,   8224,   7920,  11824,   7664
    561312,   8192,   8560,  11888,   8320
    561372,   8176,   8000,  11760,   7760
    561437,   8176,   8304,  11712,   8272
    561497,   8224,   8144,  11824,   7888
    561557,   8240,   7936,  11808,   7712
    561617,   8256,   8608,  11920,   8320
    561677,   8208,   8144,  11840,   7888
    561737,   8224,   7936,  11760,   7776
    561797,   8240,   8592,  11968,   8352
    561857,   8224,   7936,  11760,   7632
    561917,   8208,   8432,  11808,   8096
    561977,   8208,   8736,  11712,   8288
    562037,   8240,   8176,  11872,   7920
    562097,   8256,   8048,  11760,   7680
    562162,   8208,   8464,  11936,   8256
    562222,   8224,   8704,  11616,   7984
    562282,   8256,   8064,  11744,   7680
    562342,   8208,   8000,  11696,   8160
    562402,   8224,   8576,  11712,   8320
    562462,   8192,   7984,  11824,   7696
    562522,   8176,   8352,  11888,   7984
    562582,   8240,   8352,  11776,   8416
    562642,   8240,   8096,  11584,   7888
    562702,   8240,   7968,  11680,   7632
    562762,   8192,   8672,  11744,   8256
    562827,   8192,   7952,  11584,   7760
    562887,   8192,   8320,  11760,   8144
    562947,   8240,   8144,  11872,   7936
    563007,   8256,   7952,  11792,   7680
    563067,   8240,   8656,  11920,   8272
    563127,   8208,   8048,  11568,   7808
    563187,   8224,   8016,  11840,   7680
    563247,   8192,   7936,  11904,   7696
    563307,   8208,   8320,  11728,   7968
    563367,   8192,   8352,  11712,   8416
    563427,   8176,   8352,  11776,   8176
    563487,   8208,   7952,  11808,   7664
    563551,   8224,   8560,  11568,   8256
    563612,   8224,   8048,  11840,   7808
    563672,   8208,   7920,  11616,   7920
    563732,   8224,   8512,  11744,   8272
    563792,   8208,   7984,  11808,   7744
    563852,   8208,   8048,  11840,   7712
    563912,   8256,   8064,  11696,   8224
    563972,   8176,   8528,  11712,   8288
    564032,   8224,   8000,  11648,   7728
    564092,   8192,   7984,  11712,   7728
    564152,   8224,   8512,  11840,   8320
    564212,   8224,   8336,  11584,   8128
    564277,   8256,   8016,  11824,   8000
    564337,   8192,   8544,  11984,   8192
    564397,   8224,   7936,  11696,   7696
    564457,   8224,   8432,  11392,   8320
    564517,   8192,   8608,  11760,   8128
    564577,   8224,   7968,  11680,   7696
    564637,   8192,   8272,  11776,   7888
    564697,   8208,   8352,  11776,   8432
    564757,   8176,   8464,  11616,   8272
    564817,   8240,   8096,  11456,   7856
    564877,   8224,   8032,  11392,   7696
    564942,   8208,   8336,  11696,   8432
    565002,   8192,   8176,  11760,   8016
    565062,   8176,   7952,  11520,   7696
    565122,   8224,   8032,  11456,   7712
    565182,   8208,   7936,  11744,   8016
    565242,   8208,   8416,  11536,   8304
    565302,   8208,   8512,  11728,   8176
    565362,   8224,   7952,  11680,   7728
    565422,   8176,   8032,  11952,   7664
    565482,   8192,   7984,  11360,   7664
    565542,   8192,   8240,  11664,   7888
    565602,   8192,   8144,  11664,   8368
    565667,   8240,   8352,  11280,   7728
    565727,   8224,   8080,  11744,   7680
    565787,   8192,   7968,  11680,   7696
    565847,   8176,   8240,  11616,   8128
    565907,   8208,   8608,  11760,   8336
    565967,   8208,   8080,  11616,   7856
    566027,   8240,   8000,  11712,   7744
    566087,   8192,   8048,  11648,   8304
    566147,   8208,   8448,  11440,   8224
    566207,   8208,   8096,  11792,   7872
    566267,   8224,   7968,  11600,   7744
    566332,   8176,   8352,  11520,   8368
    566392,   8208,   8560,  11408,   8112
    566452,   8208,   8064,  11728,   7840
    566512,   8240,   7984,  11584,   7760
    566572,   8208,   8000,  11792,   7808
    566632,   8208,   7952,  11584,   7728
    566692,   8192,   8400,  11520,   8080
    566752,   8240,   8496,  11648,   8368
    566812,   8240,   8592,  11472,   8288
    566872,   8208,   8448,  11680,   8160
    566932,   8192,   7952,  11584,   7712
    566992,   8192,   7904,  11536,   7680
    567057,   8240,   7952,  11632,   7776
    567117,   8224,   8336,  11568,   8032
    567177,   8192,   7936,  11760,   8032
    567237,   8176,   7984,  11520,   7920
    567297,   8240,   8768,  11424,   8320
    567357,   8192,   8576,  11488,   8400
    567417,   8176,   8592,  11680,   8272
    567477,   8224,   8224,  11552,   7904
    567537,   8240,   8080,  11264,   7744
    567597,   8192,   8176,  11632,   7728
    567657,   8224,   8400,  11616,   7872
    567717,   8224,   8576,  11488,   8064
    567782,   8176,   8640,  11648,   7920
    567842,   8192,   8608,  11568,   8320
    567902,   8224,   8544,  11568,   8224
    567962,   8240,   8512,  11328,   8192
    568022,   8192,   8176,  11248,   7936
    568082,   8208,   8224,  11648,   7760
    568142,   8192,   8656,  11568,   8272
    568202,   8192,   8512,  11632,   8240
    568262,   8256,   8064,  11440,   7840
    568322,   8208,   8256,  11536,   7808
    568382,   8208,   8704,  11600,   8048
    568447,   8224,   8576,  11280,   8352
    568507,   8224,   8560,  11536,   8304
    568567,   8224,   8640,  11216,   8240
    568627,   8208,   7984,  11536,   7904
    568687,   8208,   7968,  11488,   7696
    568747,   8224,   7952,  11264,   7744
    568807,   8224,   8112,  11280,   7984
    568867,   8176,   8480,  11600,   8368
    568927,   8224,   7904,  11440,   7744
    568987,   8240,   8720,  11744,   8384
    569047,   8240,   8224,  11440,   8176
    569107,   8224,   8064,  11504,   7856
    569172,   8224,   8304,  11472,   7776
    569232,   8240,   8368,  11600,   7888
    569292,   8176,   8576,  11504,   7968
    569352,   8224,   8528,  11632,   8016
    569412,   8208,   8320,  11344,   8208
    569472,   8224,   8768,  11200,   8352
    569532,   8208,   8080,  11280,   7840
    569592,   8208,   8624,  11312,   8000
    569652,   8176,   8624,  11552,   8432
    569712,   8192,   8544,  11440,   8224
    569772,   8208,   8496,  11504,   8112
    569832,   8208,   7984,  11264,   7792
    569897,   8224,   8112,  11360,   7712
    569957,   8224,   8592,  11536,   8448
    570017,   8192,   8480,  11824,   8224
    570077,   8240,   8304,  11616,   8048
    570137,   8224,   7952,  11456,   7792
    570197,   8176,   8368,  11456,   8128
    570257,   8240,   8560,  11360,   8448
    570317,   8256,   8080,  11344,   7840
    570377,   8176,   8608,  11424,   8096
    570437,   8192,   8416,  11360,   8032
    570497,   8256,   8080,  11456,   7904
    570562,   8192,   8624,  11680,   8192
    570622,   8192,   8384,  11392,   8224
    570682,   8240,   8592,  11456,   8400
    570742,   8192,   8560,  11632,   8464
    570802,   8176,   8624,  11424,   8320
    570862,   8192,   8256,  11360,   8208
    570922,   8192,   8032,  11472,   7840
    570982,   8176,   8096,  11200,   7824
    571042,   8176,   8384,  11456,   8032
    571102,   8192,   8096,  11424,   7984
    571162,   8192,   8512,  11584,   8528
    571222,   8224,   8352,  11440,   8144
    571287,   8224,   7936,  11328,   8032
    571347,   8160,   7952,  10800,   7808
    571407,   8176,   8016,  11104,   7792
    571467,   8192,   8208,  11472,   7856
    571527,   8240,   8320,  11632,   7968
    571587,   8208,   8688,  11616,   8304
    571647,   8192,   8576,  11136,   8528
    571707,   8224,   8560,  11328,   8368
    571767,   8192,   8576,  11200,   8256
    571827,   8256,   8128,  11056,   8112
    571887,   8176,   7984,  11392,   7776
    571947,   8176,   8048,  11408,   7952
    572012,   8224,   8016,  11328,   7856
    572072,   8176,   8080,  11376,   7792
    572132,   8192,   8304,  11456,   7920
    572192,   8208,   8608,  11216,   8384
    572252,   8192,   8736,  11552,   8384
    572312,   8224,   8320,  11312,   8336
    572372,   8192,   8112,  11264,   7952
    572432,   8208,   8032,  11360,   7824
    572492,   8208,   8320,  11632,   8000
    572552,   8176,   8736,  11280,   8416
    572612,   8176,   8032,  11264,   7888
    572677,   8192,   8192,  11232,   7840
    572737,   8192,   8640,  11072,   8336
    572797,   8192,   8560,  11264,   8304
    572857,   8240,   8000,  11296,   7888
    572917,   8176,   8400,  11344,   8016
    572977,   8224,   8592,  11296,   8416
    573037,   8224,   8304,  11328,   8240
    573097,   8192,   7968,  11344,   7808
    573157,   8240,   8640,  11344,   8336
    573217,   8208,   8576,  11344,   8400
    573277,   8192,   7984,  11488,   7872
    573337,   8192,   8560,  11344,   8192
    573402,   8192,   8352,  11312,   8464
    573462,   8192,   7920,  11248,   7840
    573522,   8176,   8400,  11216,   8272
    573582,   8192,   8096,  11520,   8000
    573642,   8192,   8208,  11264,   8112
    573702,   8208,   8208,  11488,   8096
    573762,   8240,   8096,  11264,   8016
    573822,   8224,   8656,  11088,   8624
    573882,   8224,   8064,  11264,   7872
    573942,   8176,   8480,  11248,   8064
    574002,   8192,   8656,  11216,   8448
    574067,   8208,   7968,  11216,   8064
    574127,   8192,   8304,  11280,   7968
    574187,   8192,   8800,  10944,   8336
    574247,   8208,   8416,  11216,   8432
    574307,   8240,   7984,  11168,   7872
    574367,   8208,   8000,  11280,   7952
    574427,   8192,   8352,  11200,   7952
    574487,   8176,   8400,  11248,   7968
    574547,   8208,   8656,  11232,   8384
    574607,   8176,   8576,  11280,   8384
    574667,   8176,   8640,  11264,   8400
    574727,   8208,   8480,  11248,   8448
    574791,   8176,   8448,  11248,   8496
    574852,   8208,   8208,  11264,   8016
    574912,   8208,   8224,  11248,   8208
    574972,   8192,   8720,  11280,   8496
    575032,   8224,   7952,  11280,   7904
    575092,   8208,   8576,  11248,   8368
    575152,   8208,   7968,  11344,   7888
    575212,   8208,   8768,  11216,   8512
    575272,   8192,   8000,  10944,   7920
    575332,   8176,   8592,  11632,   8512
    575392,   8192,   7984,  11456,   7936
    575452,   8224,   8528,  11824,   8352
    575517,   8224,   8640,  11152,   8480
    575577,   8224,   8608,  11280,   8496
    575637,   8240,   8176,  11280,   8064
    575697,   8192,   8368,  11456,   8048
    575757,   8192,   8800,  11376,   8528
    575817,   8192,   8064,  11344,   8032
    575877,   8176,   8048,  11312,   8016
    575937,   8208,   8592,  11216,   8576
    575997,   8208,   8288,  11232,   8128
    576057,   8224,   8160,  11232,   7920
    576117,   8208,   8656,  11248,   8352
    576182,   8224,   8736,  11232,   8368
    576242,   8224,   7968,  11200,   7904
    576302,   8192,   8672,  11248,   8480
    576362,   8176,   8416,  11232,   8400
    576422,   8192,   8000,  11216,   7984
    576482,   8208,   8352,  11216,   7984
    576542,   8208,   8624,  11200,   8496
    576602,   8224,   8256,  11264,   8112
    576662,   8208,   8384,  11216,   8400
    576722,   8224,   8240,  11248,   8016
    576782,   8176,   8064,  11248,   8016
    576842,   8208,   8784,  11216,   8528
    576907,   8192,   7968,  11232,   8208
    576967,   8208,   8416,  11232,   8000
    577027,   8240,   8592,  11232,   8592
    577087,   8192,   8000,  11232,   7856
    577147,   8208,   8672,  11248,   8512
    577207,   8176,   8432,  11232,   8144
    577267,   8192,   8016,  11232,   7968
    577327,   8240,   8192,  11248,   8304
    577387,   8224,   8272,  11232,   8208
    577447,   8224,   8560,  11248,   8384
    577507,   8208,   7984,  11232,   7904
    577567,   8176,   8608,  11216,   8544
    577632,   8208,   8656,  11232,   8480
    577692,   8208,   8000,  11264,   7904
    577752,   8240,   8752,  11232,   8256
    577812,   8224,   8480,  11248,   8448
    577872,   8192,   8000,  11232,   7936
    577932,   8192,   8576,  11232,   8624
    577992,   8192,   8208,  11264,   7920
    578052,   8208,   8688,  11264,   8336
    578112,   8240,   8096,  11184,   7920
    578172,   8208,   8576,  11264,   8624
    578232,   8192,   8064,  11216,   7968
    578297,   8192,   8464,  11232,   8560
    578357,   8208,   8352,  11216,   8208
    578417,   8224,   7968,  11232,   7904
    578477,   8176,   8784,  11136,   8448
    578537,   8224,   7968,  11216,   7904
    578597,   8192,   8720,  11104,   8480
    578657,   8224,   7984,  11248,   7952
    578717,   8224,   8432,  11264,   8352
    578777,   8192,   8448,  11296,   8432
    578837,   8192,   8000,  11248,   7872
    578897,   8192,   8624,  11200,   8512
    578957,   8240,   8176,  11232,   7968
    579022,   8176,   8352,  11184,   7968
    579082,   8176,   8240,  11232,   8384
    579142,   8208,   8016,  11216,   7968
    579202,   8208,   8400,  11216,   8480
    579262,   8192,   8000,  11248,   7920
    579322,   8192,   8032,  11232,   8000
    579382,   8192,   8656,  11232,   8656
    579442,   8224,   8000,  11216,   7904
    579502,   8208,   8016,  11216,   8304
    579562,   8208,   8624,  11200,   8432
    579622,   8208,   7984,  11232,   7856
    579682,   8208,   8688,  11248,   8400
    579747,   8176,   7968,  11216,   7872
    579807,   8224,   8736,  11232,   8512
    579867,   8192,   8016,  11200,   7968
    579927,   8224,   8064,  11232,   8176
    579987,   8224,   8544,  11216,   8464
    580047,   8192,   8000,  11232,   7920
    580107,   8176,   8096,  11200,   7840
    580167,   8192,   7984,  11200,   8128
    580227,   8192,   8656,  11280,   8512
    580287,   8240,   8000,  11216,   7936
    580347,   8176,   8496,  11248,   8480
    580412,   8192,   7984,  11248,   7936
    580472,   8240,   8752,  11232,   8512
    580532,   8192,   8032,  11232,   7872
    580592,   8208,   8560,  11264,   8512
    580652,   8176,   8160,  11232,   8144
    580712,   8208,   8144,  11232,   7936
    580772,   8224,   8624,  11264,   8496
    580832,   8240,   8064,  11248,   7920
    580892,   8192,   8624,  11232,   8528
    580952,   8208,   7984,  11248,   7904
    581012,   8176,   8544,  11264,   8256
    581072,   8224,   8512,  11280,   8496
    581137,   8224,   8112,  11104,   7952
    581197,   8176,   8688,  11232,   8480
    581257,   8240,   8192,  11216,   7920
    581317,   8192,   8576,  11216,   8640
    581377,   8240,   8000,  11232,   7872
    581437,   8208,   8144,  11232,   8496
    581497,   8160,   8368,  11216,   8288
    581557,   8176,   7968,  11216,   7904
    581617,   8224,   8112,  11216,   7984
    581677,   8176,   8224,  11248,   8336
    581737,   8176,   8592,  11216,   8592
    581802,   8192,   8000,  11232,   7856
    581862,   8192,   8400,  11232,   8624
    581922,   8176,   8416,  11200,   8336
    581982,   8192,   8016,  11216,   7984
    582042,   8208,   7968,  11232,   7936
    582102,   8176,   8640,  11216,   8480
    582162,   8224,   8240,  11200,   8208
    582222,   8176,   8016,  11232,   7872
    582282,   8192,   8048,  11232,   8304
    582342,   8224,   8720,  11232,   8480
    582402,   8224,   8160,  11216,   8128
    582462,   8192,   8032,  11232,   7936
    582527,   8192,   8656,  11232,   8464
    582587,   8224,   8624,  11216,   8544
    582647,   8240,   8064,  11232,   7984
    582707,   8224,   8000,  11232,   7888
    582767,   8208,   8208,  11248,   8352
    582827,   8192,   8528,  11232,   8464
    582887,   8208,   8096,  11216,   8064
    582947,   8256,   8032,  11232,   7856
    583007,   8224,   8096,  11248,   8384
    583067,   8192,   8592,  11216,   8480
    583127,   8192,   8016,  11216,   7968
    583187,   8176,   8048,  11216,   7888
    583252,   8192,   8048,  11216,   8160
    583312,   8224,   8656,  11248,   8624
    583372,   8208,   8464,  11248,   8368
    583432,   8176,   7968,  11232,   7888
    583492,   8176,   8736,  11264,   8416
    583552,   8192,   8624,  11216,   8528
    583612,   8240,   8336,  11232,   8208
    583672,   8224,   8096,  11248,   7856
    583732,   8224,   8160,  11248,   8480
    583792,   8176,   8720,  11216,   8512
    583852,   8176,   8064,  11232,   8032
    583917,   8224,   8000,  11232,   8144
    583977,   8208,   8368,  11248,   8464
    584037,   8224,   8592,  11248,   8512
    584097,   8208,   8704,  11248,   8368
    584157,   8192,   8288,  11248,   8160
    584217,   8192,   8512,  11232,   8416
    584277,   8224,   8720,  11216,   8528
    584337,   8224,   8112,  11216,   8096
    584397,   8224,   8304,  11232,   8128
    584457,   8160,   8688,  11248,   8528
    584517,   8192,   8560,  11232,   8496
    584577,   8192,   8128,  11216,   8096
    584642,   8192,   7952,  11216,   8048
    584702,   8160,   8720,  11232,   8432
    584762,   8224,   7968,  11232,   7904
    584822,   8192,   8528,  11248,   8240
    584882,   8176,   8528,  11216,   8464
    584942,   8192,   8032,  11232,   7968
    585002,   8208,   8064,  11232,   8112
    585062,   8176,   8592,  11248,   8512
    585122,   8192,   8736,  11216,   8528
    585182,   8176,   8080,  11232,   8096
    585242,   8176,   8096,  11248,   7968
    585302,   8224,   8192,  11232,   8320
    585367,   8208,   8560,  11216,   8112
    585427,   8176,   8048,  11232,   7856
    585487,   8224,   7968,  11216,   8096
    585547,   8192,   8176,  11248,   8336
    585607,   8160,   8672,  11248,   8496
    585667,   8224,   8576,  11232,   8544
    585727,   8160,   8672,  11232,   8368
    585787,   8176,   8512,  11248,   8208
    585847,   8240,   8176,  11248,   8160
    585907,   8192,   8080,  11216,   7920
    585967,   8192,   8224,  11232,   7888
    586044,   8176,   8672,  11248,   8320
    586104,   8192,   8320,  11248,   8576
    586164,   8224,   8496,  11248,   8512
    586224,   8192,   8448,  11232,   8544
    586284,   8192,   8400,  11232,   8608
    586344,   8176,   8752,  11216,   8512
    586404,   8224,   8656,  11216,   8576
    586464,   8192,   8640,  11136,   8496
    586524,   8224,   8784,  10912,   8320
    586584,   8192,   8688,  11424,   8480
    586644,   8160,   8672,  10960,   8352
    586704,   8224,   8688,  11456,   8208
    586769,   8192,   8176,  10912,   7936
    586829,   8224,   8192,  11120,   7984
    586889,   8208,   8288,  11008,   7984
    586949,   8208,   8336,  10976,   8112
    587009,   8208,   8368,  11376,   8064
    587069,   8192,   8032,  11296,   8032
    587129,   8192,   8016,  11024,   7968
    587189,   8224,   8032,  11024,   8160
    587249,   8208,   8432,  11264,   8208
    587309,   8208,   8608,  11072,   8640
    587369,   8176,   8768,  11136,   8656
    587429,   8224,   8528,  11200,   8528
    587494,   8224,   8528,  11136,   8144
    587554,   8176,   8064,  11184,   8032
    587614,   8160,   8032,  11136,   8016
    587674,   8176,   8096,  11296,   8128
    587734,   8192,   8080,  11104,   8016
    587794,   8192,   8128,  11136,   8208
    587854,   8176,   8368,  11120,   8432
    587914,   8208,   8624,  10976,   8528
    587974,   8224,   8368,  11120,   8416
    588034,   8192,   8416,  11088,   8512
    588094,   8208,   8496,  11168,   8512
    588159,   8192,   8656,  11072,   8368
    588219,   8208,   8688,  11056,   8720
    588279,   8224,   8800,  11248,   8608
    588339,   8224,   8432,  10912,   8240
    588399,   8224,   8096,  10912,   8112
    588459,   8208,   8048,  11088,   8048
    588519,   8224,   8176,  11152,   8176
    588579,   8208,   8192,  11184,   8256
    588639,   8160,   8576,  11120,   8592
    588699,   8192,   8736,  11168,   8608
    588759,   8176,   8672,  11136,   8672
    588819,   8192,   8736,  11136,   8752
    588884,   8192,   8832,  11104,   8528
    588944,   8224,   8736,  11104,   8672
    589004,   8208,   8384,  11152,   8400
    589064,   8176,   8656,  11104,   8384
    589124,   8208,   8448,  11152,   8304
    589184,   8208,   8208,  11120,   8128
    589244,   8224,   8224,  11136,   8128
    589304,   8240,   8320,  11136,   8160
    589364,   8240,   8272,  11120,   8288
    589424,   8192,   8336,  11136,   8144
    589484,   8240,   8272,  11344,   8000
    589549,   8224,   8080,  11552,   8224
    589609,   8192,   8096,  10976,   8048
    589669,   8176,   8640,  10992,   8192
    589729,   8208,   8720,  11152,   8400
    589789,   8192,   8656,  11136,   8688
    589849,   8240,   8848,  11360,   8656
    589909,   8208,   8752,  10992,   8704
    589969,   8208,   8720,  11200,   8736
    590029,   8192,   8432,  11184,   8208
    590089,   8224,   8144,  11232,   8096
    590149,   8224,   8544,  11072,   8528
    590209,   8224,   8672,  11104,   8624
    590274,   8240,   8384,  11120,   8192
    590334,   8240,   8432,  11072,   8288
    590394,   8224,   8752,  11024,   8480
    590454,   8240,   8880,  11072,   8432
    590514,   8272,   8848,  10928,   8528
    590574,   8272,   8992,  11552,   8624
    590634,   8272,   9104,  11072,   8496
    590694,   8288,   8640,  11056,   8016
    590754,   8224,   8512,  11184,   8272
    590814,   8224,   8960,  11104,   8672
    590874,   8272,   8352,  11008,   7936
    590934,   8240,   8784,  11024,   8048
    590999,   8256,   8944,  11040,   8240
    591059,   8272,   8944,  11088,   8608
    591119,   8288,   8880,  11072,   8320
    591179,   8240,   8320,  11056,   7888
    591239,   8272,   8512,  11024,   7936
    591299,   8272,   8832,  11056,   8128
    591359,   8240,   8528,  11056,   8080
    591419,   8224,   8416,  11056,   8096
    591479,   8224,   8352,  11040,   8016
    591539,   8224,   8352,  11056,   7952
    591599,   8272,   8304,  11072,   7872
    591664,   8240,   8800,  11056,   8352
    591724,   8272,   8784,  11088,   8208
    591784,   8240,   8288,  11072,   7872
    591844,   8256,   8832,  11056,   8128
    591904,   8240,   8816,  11040,   8400
    591964,   8240,   8976,  11056,   8480
    592024,   8240,   8656,  11072,   8320
    592084,   8256,   8448,  11040,   8000
    592144,   8256,   8320,  11168,   7968
    592204,   8256,   8880,  11024,   8256
    592264,   8256,   8768,  10992,   8432
    592324,   8256,   8672,  11040,   8320
    592389,   8288,   8640,  11056,   8240
    592449,   8256,   8368,  11008,   8048
    592509,   8256,   8336,  11168,   7920
    592569,   8272,   8560,  10848,   7968
    592629,   8288,   8416,  11504,   7952
    592689,   8272,   8320,  11264,   7920
    592749,   8272,   8288,  11072,   8096
    592809,   8240,   8832,  11184,   8272
    592869,   8224,   8592,  11200,   8096
    592929,   8256,   8480,  10944,   8160
    592989,   8288,   8720,  10944,   8256
    593049,   8240,   8880,  11056,   8288
    593114,   8240,   8544,  11376,   8624
    593174,   8288,   8800,  11088,   8304
    593234,   8272,   8464,  11040,   7968
    593294,   8288,   8432,  10992,   8000
    593354,   8256,   8368,  11072,   7984
    593414,   8224,   8464,  10976,   7936
    593474,   8288,   8448,  11008,   7952
    593534,   8288,   8432,  11056,   7984
    593594,   8240,   8544,  11056,   7952
    593654,   8288,   8832,  11008,   8208
    593714,   8256,   8896,  11008,   8512
    593779,   8256,   9136,  11024,   8560
    593839,   8224,   8832,  11040,   8208
    593899,   8288,   8352,  11008,   7968
    593959,   8240,   8576,  11024,   7952
    594019,   8224,   9104,  11024,   8352
    594079,   8272,   8976,  11040,   8576
    594139,   8224,   8992,  11040,   8656
    594199,   8240,   9024,  11040,   8400
    594259,   8240,   8832,  11040,   8320
    594319,   8240,   8720,  11024,   8336
    594379,   8288,   8624,  11040,   8144
    594439,   8256,   8384,  11024,   7888
    594504,   8304,   8624,  11040,   8672
    594564,   8272,   9104,  11040,   8560
    594624,   8272,   8976,  11040,   8560
    594684,   8240,   8944,  11024,   8640
    594744,   8256,   9072,  11024,   8528
    594804,   8240,   8912,  11024,   8544
    594864,   8272,   8800,  11024,   8464
    594924,   8256,   8688,  11024,   8240
    594984,   8288,   8688,  11024,   8336
    595044,   8240,   9008,  11024,   8624
    595104,   8304,   9120,  11072,   8544
    595164,   8256,   8528,  11040,   7920
    595229,   8272,   8400,  11040,   7984
    595289,   8272,   9024,  11008,   8576
    595349,   8272,   9024,  11040,   8544
    595409,   8256,   9008,  11024,   8576
    595469,   8256,   8912,  11216,   8576
    595529,   8272,   8544,  10960,   8048
    595589,   8272,   8336,  10992,   7952
    595649,   8256,   9008,  10928,   8368
    595709,   8240,   9056,  11072,   8656
    595769,   8240,   8896,  11056,   8288
    595829,   8256,   8400,  11024,   7920
    595894,   8240,   8304,  11024,   7952
    595954,   8240,   8720,  11040,   8032
    596014,   8240,   8560,  11040,   8176
    596074,   8288,   8832,  11008,   8480
    596134,   8272,   8992,  11024,   8656
    596194,   8240,   9168,  11040,   8560
    596254,   8272,   8544,  11040,   7984
    596314,   8256,   9024,  11008,   8512
    596374,   8272,   8576,  11040,   8144
    596434,   8240,   8368,  11024,   7968
    596494,   8224,   9056,  11024,   8528
    596554,   8272,   8880,  11056,   8336
    596619,   8272,   8544,  11024,   8576
    596679,   8288,   8352,  11072,   7920
    596739,   8256,   9056,  11008,   8304
    596799,   8240,   9024,  11024,   8624
    596859,   8256,   8480,  11168,   8464
    596919,   8272,   8640,  10880,   8144
    596979,   8272,   8400,  11072,   8080
    597039,   8288,   9024,  11024,   8592
    597099,   8288,   8400,  11056,   8016
    597159,   8288,   8784,  11008,   8496
    597219,   8256,   8960,  11024,   8384
    597284,   8256,   8640,  11024,   8208
    597344,   8240,   8592,  11008,   8064
    597404,   8240,   8672,  11008,   8400
    597464,   8256,   8960,  11008,   8608
    597524,   8256,   8368,  11024,   7936
    597584,   8224,   9104,  11008,   8560
    597644,   8256,   8608,  11056,   8048
    597704,   8240,   8832,  11008,   8192
    597764,   8288,   8912,  11024,   8464
    597824,   8240,   8448,  11024,   8112
    597884,   8256,   8992,  11040,   8368
    597944,   8240,   8384,  11024,   8000
    598009,   8288,   8672,  11024,   8240
    598069,   8272,   8352,  11024,   7904
    598129,   8240,   8992,  11024,   8528
    598189,   8240,   8896,  11040,   8304
    598249,   8256,   8416,  11024,   8016
    598309,   8288,   9024,  11024,   8592
    598369,   8256,   8432,  11024,   7984
    598429,   8272,   8832,  11024,   8112
    598489,   8272,   9104,  11024,   8576
    598549,   8224,   8320,  11024,   7888
    598609,   8288,   9024,  11024,   8480
    598669,   8240,   8592,  11040,   8160
    598734,   8240,   8304,  11008,   8080
    598794,   8272,   8416,  11024,   8016
    598854,   8256,   8944,  11040,   8336
    598914,   8224,   8400,  11024,   8048
    598974,   8256,   8960,  11040,   8528
    599034,   8256,   8336,  11040,   7968
    599094,   8272,   8928,  11024,   8560
    599154,   8288,   8368,  11024,   7920
    599214,   8272,   8624,  11008,   8016
    599274,   8224,   8928,  11008,   8624
    599334,   8256,   8784,  11040,   8176
    599399,   8272,   8784,  11008,   7952
    599459,   8240,   8576,  11024,   8368
    599519,   8288,   8448,  10976,   8128
    599579,   8288,   8944,  11008,   8608
    599639,   8288,   8336,  11024,   7952
    599699,   8272,   8768,  11040,   8544
    599759,   8240,   8992,  11008,   8144
    599819,   8256,   8352,  11008,   7920
    599879,   8288,   8992,  11024,   8448
    599939,   8272,   8448,  11024,   8064
    599999,   8256,   8960,  11024,   8608
    600059,   8272,   8432,  11008,   7952
    600124,   8256,   8928,  11008,   8096
    600184,   8224,   8736,  11008,   8512
    600244,   8240,   8352,  10944,   7920
    600304,   8288,   8960,  11008,   8688
    600364,   8288,   8384,  11024,   7984
    600424,   8272,   9152,  11024,   8416
    600484,   8256,   8592,  11008,   8000
    600544,   8256,   8416,  11008,   8128
    600604,   8256,   8912,  11008,   8640
    600664,   8288,   8624,  10992,   8064
    600724,   8240,   8368,  11024,   7936
    600784,   8272,   9024,  11040,   8544
    600849,   8240,   8944,  11024,   8656
    600909,   8240,   8352,  10992,   7888
    600969,   8256,   9120,  11024,   8448
    601029,   8256,   8608,  11040,   7968
    601089,   8240,   8864,  11040,   8192
    601149,   8240,   8816,  11040,   8384
    601209,   8240,   8400,  11024,   8048
    601269,   8256,   9152,  11008,   8496
    601329,   8240,   8352,  11024,   7888
    601389,   8256,   8800,  11040,   8560
    601449,   8240,   8384,  11008,   8048
    601514,   8240,   8784,  11008,   8672
    601574,   8224,   8352,  11056,   7936
    601634,   8224,   8416,  11008,   8192
    601694,   8272,   9120,  11024,   8512
    601754,   8240,   8336,  11024,   7904
    601814,   8256,   8912,  11008,   8576
    601874,   8272,   8336,  10992,   7952
    601934,   8224,   8320,  11056,   8000
    601994,   8256,   8944,  11024,   8576
    602054,   8240,   9008,  11008,   8352
    602114,   8240,   8528,  11024,   8032
    602174,   8256,   9168,  11008,   8544
    602239,   8240,   8464,  11024,   7888
    602299,   8256,   8512,  11040,   8272
    602359,   8272,   9008,  11024,   8576
    602419,   8224,   8368,  11008,   8048
    602479,   8256,   8528,  11040,   8128
    602539,   8240,   8656,  11056,   8368
    602599,   8272,   8816,  11024,   8208
    602659,   8224,   8704,  11024,   8368
    602719,   8288,   8384,  11024,   7888
    602779,   8240,   8736,  11024,   8512
    602839,   8240,   8656,  11024,   8320
    602899,   8288,   8432,  11040,   7968
    602964,   8272,   8992,  11040,   8288
    603024,   8256,   8384,  11024,   8032
    603084,   8272,   8592,  11040,   8080
    603144,   8224,   9104,  11024,   8560
    603204,   8272,   8352,  11008,   7904
    603264,   8272,   9024,  11008,   8448
    603324,   8240,   8656,  11056,   8272
    603384,   8272,   8352,  11040,   8048
    603444,   8256,   9120,  11040,   8480
    603504,   8272,   8352,  11024,   7920
    603564,   8272,   8816,  11056,   8560
    603629,   8272,   8320,  11056,   7952
    603689,   8224,   9008,  11024,   8432
    603749,   8272,   8720,  11040,   8160
    603809,   8272,   8832,  11008,   8416
    603869,   8240,   8800,  11040,   8128
    603929,   8272,   8304,  11024,   7952
    603989,   8272,   8992,  11024,   8640
    604049,   8224,   8352,  11024,   7968
    604109,   8256,   8784,  10992,   8544
    604169,   8240,   8544,  11152,   7968
    604229,   8224,   8992,  11280,   8464
    604289,   8272,   8608,  11024,   8288
    604354,   8288,   8608,  10992,   8016
    604414,   8240,   9152,  10944,   8640
    604474,   8240,   8384,  11248,   7984
    604534,   8288,   8640,  10784,   8528
    604594,   8272,   8896,  11024,   8352
    604654,   8240,   8416,  11024,   8032
    604714,   8240,   9024,  11024,   8720
    604774,   8288,   8576,  11152,   8416
    604834,   8288,   8608,  11008,   8224
    604894,   8256,   9168,  11088,   8720
    604954,   8256,   8688,  11200,   8448
    605019,   8256,   8624,  11104,   8080
    605079,   8240,   8496,  10800,   8032
    605139,   8224,   8432,  11072,   8224
    605199,   8288,   9104,  10928,   8752
    605259,   8288,   8720,  10912,   8496
    605319,   8224,   8512,  11024,   8224
    605379,   8288,   8512,  10864,   8272
    605439,   8240,   8624,  11408,   8448
    605499,   8256,   8464,  10960,   8192
    605559,   8240,   8512,  11024,   8192
    605619,   8240,   8560,  10656,   8192
    605679,   8240,   8864,  11056,   8560
    605744,   8224,   8624,  10880,   8704
    605804,   8224,   9056,  10992,   8688
    605864,   8272,   9168,  11584,   8816
    605924,   8272,   9168,  11024,   8880
    605984,   8272,   9024,  10960,   8768
    606044,   8256,   8720,  11008,   8368
    606104,   8256,   8464,  10992,   8112
    606164,   8240,   8944,  10992,   8352
    606224,   8272,   9248,  10992,   8656
    606284,   8272,   9088,  10976,   8624
    606344,   8240,   8672,  10992,   8336
    606404,   8256,   8512,  10992,   8064
    606469,   8256,   8544,  10992,   8304
    606529,   8240,   9104,  10976,   8576
    606589,   8256,   9024,  10976,   8672
    606649,   8240,   8800,  11008,   8576
    606709,   8288,   8528,  10976,   8224
    606769,   8256,   8480,  10976,   8176
    606829,   8272,   8496,  10992,   8224
    606889,   8240,   8560,  11008,   8304
    606949,   8256,   8432,  10992,   8096
    607009,   8272,   8432,  10992,   8096
    607069,   8240,   8544,  11008,   8144
    607134,   8256,   8976,  10928,   8848
    607194,   8224,   9120,  10912,   8848
    607254,   8224,   9168,  10896,   8864
    607314,   8272,   9040,  11504,   8784
    607374,   8240,   8640,  10896,   8400
    607434,   8224,   8528,  10784,   8288
    607494,   8272,   8528,  11024,   8304
    607554,   8272,   8496,  10768,   8224
    607614,   8240,   8528,  10816,   8272
    607674,   8224,   8720,  10560,   8288
    607734,   8224,   9248,  11296,   8688
    607794,   8288,   9216,  10704,   8800
    607859,   8256,   8976,  10880,   8496
    607919,   8256,   8560,  10944,   8160
    607979,   8224,   8880,  10896,   8336
    608039,   8224,   9184,  10880,   8848
    608099,   8240,   8960,  10992,   8784
    608159,   8224,   8576,  11040,   8368
    608219,   8256,   8560,  10992,   8208
    608279,   8240,   8544,  10944,   8192
    608339,   8288,   8592,  10848,   8320
    608399,   8272,   8752,  10992,   8400
    608459,   8240,   9184,  10960,   8848
    608519,   8240,   9216,  11008,   8976
    608584,   8272,   9248,  10992,   8704
    608644,   8240,   8688,  10928,   8432
    608704,   8288,   8560,  10960,   8208
    608764,   8240,   9184,  10944,   8608
    608824,   8288,   9088,  10976,   8656
    608884,   8256,   8560,  10960,   8176
    608944,   8256,   9024,  11008,   8416
    609004,   8272,   9200,  10976,   8768
    609064,   8240,   8512,  10976,   8192
    609124,   8256,   8832,  10992,   8352
    609184,   8256,   9072,  10992,   8640
    609249,   8240,   9216,  10960,   8608
    609309,   8256,   8560,  10960,   8224
    609369,   8272,   8640,  10976,   8192
    609429,   8224,   9056,  10976,   8464
    609489,   8240,   9056,  10960,   8640
    609549,   8256,   8560,  10960,   8224
    609609,   8288,   8576,  11008,   8080
    609669,   8288,   8576,  10960,   8096
    609729,   8224,   8944,  10976,   8272
    609789,   8256,   9184,  10976,   8688
    609849,   8272,   9168,  10960,   8640
    609909,   8256,   8560,  10976,   8240
    609974,   8224,   8560,  10976,   8656
    610034,   8240,   9120,  10976,   8672
    610094,   8224,   9216,  10992,   8832
    610154,   8272,   9168,  10976,   8832
    610214,   8256,   9120,  10960,   8816
    610274,   8272,   9008,  10960,   8688
    610334,   8272,   8528,  10976,   8208
    610394,   8272,   8560,  10960,   8096
    610454,   8256,   8608,  10976,   8112
    610514,   8256,   8576,  10976,   8160
    610574,   8256,   8672,  10976,   8128
    610634,   8240,   8848,  10976,   8224
    610699,   8288,   8768,  10976,   8272
    610759,   8256,   9264,  10976,   8624
    610819,   8272,   9280,  10976,   8752
    610879,   8240,   9152,  10976,   8672
    610939,   8240,   8704,  10976,   8416
    610999,   8240,   8592,  10960,   8272
    611059,   8288,   8544,  10976,   8048
    611119,   8256,   8704,  10992,   8096
    611179,   8272,   8736,  10976,   8496
    611239,   8224,   9088,  10976,   8752
    611299,   8272,   8832,  10976,   8528
    611364,   8240,   8992,  10976,   8272
    611424,   8240,   8496,  10992,   8096
    611484,   8256,   8736,  10976,   8288
    611544,   8240,   9216,  10976,   8816
    611604,   8240,   8752,  10976,   8400
    611664,   8256,   8544,  10992,   8080
    611724,   8288,   9136,  10992,   8720
    611784,   8224,   8528,  10976,   8128
    611844,   8256,   9056,  10992,   8448
    611904,   8240,   9008,  10976,   8688
    611964,   8240,   8848,  10976,   8608
    612024,   8240,   8864,  10976,   8592
    612089,   8288,   9072,  10976,   8432
    612149,   8224,   8512,  10976,   8208
    612209,   8240,   8560,  10992,   8112
    612269,   8288,   8608,  10976,   8144
    612329,   8288,   8976,  10976,   8672
    612389,   8272,   9104,  10960,   8784
    612449,   8240,   9056,  10976,   8352
    612509,   8256,   8576,  10976,   8080
    612569,   8272,   8992,  10976,   8496
    612629,   8256,   9104,  10960,   8624
    612689,   8256,   8544,  10992,   8128
    612754,   8272,   8560,  10992,   8272
    612814,   8256,   9168,  10976,   8640
    612874,   8224,   9168,  10992,   8704
    612934,   8272,   8800,  10960,   8528
    612994,   8224,   8496,  10976,   8128
    613054,   8224,   8976,  10992,   8544
    613114,   8272,   9152,  10976,   8752
    613174,   8256,   9024,  10976,   8352
    613234,   8256,   8784,  10976,   8256
    613294,   8224,   9264,  10976,   8688
    613354,   8224,   8624,  10976,   8256
    613414,   8256,   8688,  10960,   8096
    613479,   8208,   8960,  10976,   8736
    613539,   8288,   8768,  10960,   8432
    613599,   8288,   8480,  10992,   8144
    613659,   8256,   8688,  10880,   8288
    613719,   8240,   9168,  10880,   8832
    613779,   8288,   9104,  10256,   8848
    613839,   8224,   8672,  10880,   8432
    613899,   8224,   8512,  10880,   8336
    613959,   8240,   9008,  11024,   8544
    614019,   8256,   9152,  10928,   8784
    614079,   8272,   8752,  11232,   8512
    614139,   8240,   8816,  10976,   8320
    614204,   8240,   9248,  11184,   8848
    614264,   8288,   8880,  11008,   8704
    614324,   8224,   8656,  10736,   8512
    614384,   8240,   8608,  10800,   8400
    614444,   8240,   8720,  11024,   8384
    614504,   8256,   9136,  10688,   8832
    614564,   8224,   9232,  10928,   8960
    614624,   8256,   9344,  10816,   9072
    614684,   8256,   9104,  10784,   8976
    614744,   8224,   9280,  10864,   9072
    614804,   8224,   9136,  10944,   8928
    614869,   8240,   9168,  10944,   8512
    614929,   8224,   8784,  10928,   8624
    614989,   8256,   8832,  10912,   8640
    615049,   8224,   9024,  10976,   8864
    615109,   8256,   9296,  10960,   9024
    615169,   8240,   9056,  10960,   9024
    615229,   8272,   9312,  10928,   9040
    615289,   8288,   8880,  10928,   8688
    615349,   8240,   8624,  10944,   8256
    615409,   8256,   9248,  10944,   8672
    615469,   8272,   9360,  10976,   8912
    615529,   8224,   8720,  10944,   8464
    615594,   8224,   8688,  10944,   8256
    615654,   8224,   9264,  10880,   8800
    615714,   8240,   9072,  10976,   8896
    615774,   8256,   8672,  10816,   8464
    615834,   8256,   8592,  11072,   8336
    615894,   8288,   8672,  10896,   8320
    615954,   8240,   8976,  10960,   8656
    616014,   8288,   9152,  10944,   8944
    616074,   8256,   9360,  10960,   9040
    616134,   8256,   9328,  10960,   9088
    616194,   8272,   9264,  10944,   8976
    616254,   8272,   8864,  10928,   8528
    616319,   8256,   8624,  10944,   8592
    616379,   8288,   9040,  10944,   8736
    616439,   8240,   8704,  10960,   8720
    616499,   8272,   9152,  10944,   8848
    616559,   8256,   9264,  10944,   9024
    616619,   8240,   9232,  10112,   8992
    616679,   8272,   9088,  11008,   8912
    616739,   8256,   9232,  10944,   8640
    616799,   8256,   8752,  10880,   8576
    616859,   8272,   8688,  10624,   8560
    616919,   8240,   8864,  10880,   8704
    616984,   8288,   9344,  10944,   9072
    617044,   8288,   9312,  11088,   9088
    617104,   8224,   9344,  11248,   9120
    617164,   8256,   9376,  10816,   9120
    617224,   8240,   9376,  10976,   9168
    617284,   8256,   9120,  10864,   9024
    617344,   8240,   8816,  10848,   8592
    617404,   8224,   8864,  10992,   8768
    617464,   8272,   8864,  10960,   8688
    617524,   8288,   8960,  11280,   8800
    617584,   8256,   9024,  10752,   8784
    617644,   8272,   9312,  10704,   9184
    617709,   8256,   9152,  10960,   9200
    617769,   8256,   9056,  10640,   8784
    617829,   8240,   8752,  10928,   8512
    617889,   8256,   8720,  10880,   8512
    617949,   8240,   8864,  10960,   8768
    618009,   8240,   9264,  10928,   9136
    618069,   8288,   9392,  11200,   9024
    618129,   8240,   9184,  10784,   8656
    618189,   8240,   8800,  10864,   8464
    618249,   8240,   8928,  10704,   8720
    618309,   8240,   9472,  11168,   9120
    618369,   8240,   9440,   9408,   8944
    618434,   8240,   8992,  10880,   8672
    618494,   8256,   8784,  10800,   8544
    618554,   8240,   9088,  10880,   8944
    618614,   8272,   9424,  11376,   9200
    618674,   8272,   8832,  10848,   8592
    618734,   8256,   9360,  10944,   9216
    618794,   8240,   8944,  11120,   8528
    618854,   8272,   9360,  10960,   9056
    618914,   8272,   9104,  10960,   9072
    618974,   8256,   8880,  10960,   8592
    619034,   8256,   9072,  10896,   9008
    619099,   8272,   9392,  10832,   9248
    619159,   8224,   9088,  10992,   8816
    619219,   8288,   8816,  11008,   8560
    619279,   8224,   9008,  10800,   8960
    619339,   8272,   9504,  11104,   9232
    619399,   8256,   9120,  10848,   8672
    619459,   8224,   8944,  10992,   8736
    619519,   8224,   9264,  10912,   8784
    619579,   8240,   9104,  11152,   9056
    619639,   8256,   9232,  10800,   8944
    619699,   8224,   8880,  10960,   8768
    619759,   8240,   9296,  11008,   9136
    619824,   8256,   9024,  10592,   9024
    619884,   8240,   8880,  11152,   8576
    619944,   8240,   8928,  10992,   8832
    620004,   8240,   9376,  11136,   9104
    620064,   8240,   9664,  10848,   9248
    620124,   8272,   9440,  11104,   8944
    620184,   8288,   9328,  10464,   8960
    620244,   8272,   9072,  10656,   8752
    620304,   8272,   8896,  10960,   8800
    620364,   8288,   9408,  11056,   9280
    620424,   8208,   9584,  11072,   9376
    620489,   8272,   8928,  10960,   9056
    620549,   8272,   8912,  10976,   8640
    620609,   8288,   9504,  10832,   9088
    620669,   8240,   9536,  11408,   9248
    620729,   8288,   9040,  10832,   8640
    620789,   8288,   9072,  10448,   8832
    620849,   8256,   9712,  11040,   9248
    620909,   8272,   9152,  10928,   8720
    620969,   8272,   8976,  11040,   8816
    621029,   8272,   9536,  10928,   9360
    621089,   8272,   9104,  10800,   9280
    621149,   8240,   8880,  10528,   8768
    621214,   8208,   8784,  10736,   8480
    621274,   8224,   8688,  11200,   8432
    621334,   8208,   8880,  10896,   8848
    621394,   8192,   9344,  11136,   9136
    621454,   8240,   8800,  11056,   8480
    621514,   8224,   8864,  10736,   8752
    621574,   8240,   9376,  10976,   8928
    621634,   8240,   8672,  11344,   8592
    621694,   8224,   8960,  10992,   8976
    621754,   8240,   9328,  11120,   9248
    621814,   8240,   8704,  11104,   8576
    621874,   8240,   9040,  11008,   8944
    621939,   8224,   9360,  11008,   9184
    621999,   8192,   9360,  10992,   9248
    622059,   8240,   9264,  10944,   9008
    622119,   8192,   9120,  10976,   8832
    622179,   8224,   8928,  11056,   8656
    622239,   8224,   8736,  10976,   8608
    622299,   8208,   8768,  11056,   8752
    622359,   8256,   9552,  10640,   9216
    622419,   8240,   9168,  10976,   8752
    622479,   8240,   8992,  10592,   8896
    622539,   8224,   9488,  10912,   9376
    622604,   8272,   8784,  10896,   8800
    622664,   8240,   8944,  10864,   8896
    622724,   8240,   9360,  11120,   9312
    622784,   8240,   9424,  11024,   9120
    622844,   8208,   9024,  10928,   8672
    622904,   8224,   8864,  10848,   8640
    622964,   8240,   8960,  10864,   8896
    623024,   8240,   9616,  10896,   9312
    623084,   8208,   9184,  10960,   8832
    623144,   8224,   8880,  10912,   8752
    623204,   8256,   9440,  10912,   9360
    623264,   8208,   9184,  10960,   9008
    623329,   8192,   8832,  10928,   8720
    623389,   8192,   9248,  10928,   9280
    623449,   8256,   9136,  10960,   8768
    623509,   8256,   8896,  10928,   8800
    623569,   8224,   9584,  10944,   9264
    623629,   8256,   8912,  10944,   8704
    623689,   8224,   8928,  10944,   8912
    623749,   8240,   9456,  10944,   9328
    623809,   8208,   8928,  10960,   8704
    623869,   8256,   8752,  10944,   8640
    623929,   8240,   8912,  10912,   8912
    623989,   8208,   9136,  10944,   9216
    624054,   8240,   9360,  10960,   9264
    624114,   8208,   9424,  10928,   9232
    624174,   8256,   8944,  10944,   8672
    624234,   8240,   8704,  10944,   8656
    624294,   8240,   8800,  10928,   8768
    624354,   8192,   8976,  10960,   8976
    624414,   8224,   9488,  10960,   9280
    624474,   8240,   9488,  10960,   9168
    624534,   8176,   9232,  10976,   8912
    624594,   8208,   8896,  10944,   8656
    624654,   8240,   8704,  10944,   8640
    624719,   8208,   9376,  10928,   9072
    624779,   8224,   9392,  10960,   9296
    624839,   8192,   8800,  10944,   8592
    624899,   8224,   8752,  10944,   8720
    624959,   8192,   9296,  10944,   9248
    625019,   8224,   9376,  10944,   9168
    625079,   8192,   9344,  10960,   9056
    625139,   8192,   9088,  10960,   8784
    625199,   8240,   8784,  10928,   8544
    625259,   8240,   8752,  10976,   8624
    625319,   8208,   9088,  10944,   9024
    625379,   8240,   9408,  10944,   9136
    625444,   8192,   8736,  10960,   8928
    625504,   8240,   8736,  10960,   8592
    625564,   8224,   9056,  10960,   9008
    625624,   8224,   9312,  10960,   9216
    625684,   8208,   8720,  10960,   8560
    625744,   8192,   9232,  10960,   9232
    625804,   8224,   9168,  10976,   8848
    625864,   8208,   8784,  10928,   8544
    625924,   8224,   9008,  10944,   8896
    625984,   8208,   9456,  10960,   9104
    626044,   8224,   8704,  10960,   8608
    626104,   8176,   9088,  10944,   9056
    626169,   8240,   9152,  10960,   9120
    626229,   8240,   8720,  10960,   8608
    626289,   8208,   9328,  10944,   9200
    626349,   8192,   8720,  10960,   8560
    626409,   8208,   9456,  10944,   9072
    626469,   8224,   8704,  10944,   8656
    626529,   8240,   9408,  10944,   9280
    626589,   8192,   8688,  10944,   8576
    626649,   8224,   9376,  10960,   9216
    626709,   8208,   8720,  10944,   8528
    626769,   8208,   9328,  10960,   9088
    626834,   8176,   8672,  10960,   8832
    626894,   8208,   9376,  10960,   8976
    626954,   8192,   9312,  10976,   9168
    627014,   8224,   8720,  10944,   8592
    627074,   8192,   8752,  10960,   8768
    627134,   8224,   9376,  10944,   9216
    627194,   8224,   8816,  10944,   8720
    627254,   8224,   9200,  10992,   8832
    627314,   8224,   8704,  10960,   8624
    627374,   8192,   9360,  10944,   9296
    627434,   8224,   8720,  10960,   8544
    627494,   8208,   9024,  10960,   9040
    627559,   8208,   8736,  10944,   8512
    627619,   8240,   9296,  10960,   9024
    627679,   8224,   9408,  10944,   8976
    627739,   8192,   8752,  10928,   8560
    627799,   8224,   8864,  10944,   8800
    627859,   8208,   9376,  10960,   9264
    627919,   8240,   8960,  10960,   8688
    627979,   8208,   8720,  10944,   8656
    628039,   8240,   9376,  10960,   9152
    628099,   8224,   8976,  10960,   8576
    628159,   8224,   8832,  10656,   8672
    628224,   8224,   9200,  10848,   9152
    628284,   8224,   9024,  10960,   8688
    628344,   8192,   8784,  10928,   8560
    628404,   8224,   9008,  10944,   8576
    628464,   8240,   9088,  10976,   8992
    628524,   8240,   9280,  10960,   9184
    628584,   8208,   9376,  10944,   9264
    628644,   8192,   9216,  10960,   9024
    628704,   8224,   8880,  10976,   8640
    628764,   8240,   8688,  10960,   8560
    628824,   8208,   8960,  10944,   8944
    628884,   8224,   9392,  10944,   9120
    628949,   8224,   8784,  11376,   8512
    629009,   8240,   9200,  11088,   8976
    629069,   8208,   8864,  10880,   8576
    629129,   8240,   9392,  10992,   9056
    629189,   8208,   8992,  10912,   8816
    629249,   8256,   9024,  10976,   8672
    629309,   8224,   9312,  10928,   9184
    629369,   8208,   9200,  10960,   8816
    629429,   8224,   8784,  10976,   8496
    629489,   8240,   9200,  10912,   9040
    629549,   8192,   9440,  10960,   9072
    629609,   8192,   8784,  10976,   8592
    629674,   8192,   9056,  10944,   8848
    629734,   8176,   9408,  10944,   9232
    629794,   8224,   8784,  10960,   8544
    629854,   8208,   8816,  10960,   8800
    629914,   8176,   9088,  10992,   8704
    629974,   8240,   9040,  10944,   8848
    630034,   8224,   8992,  10976,   8640
    630094,   8192,   9376,  10960,   9216
    630154,   8240,   9056,  10944,   8960
    630214,   8208,   8784,  10960,   8448
    630274,   8240,   9504,  10960,   9120
    630339,   8224,   8800,  10944,   8480
    630399,   8192,   9008,  10960,   8768
    630459,   8192,   9376,  10944,   9104
    630519,   8224,   9248,  10960,   8704
    630579,   8256,   8848,  10976,   8560
    630639,   8240,   8976,  10960,   9120
    630699,   8240,   8976,  10944,   8800
    630759,   8256,   8784,  10960,   8432
    630819,   8208,   9344,  10960,   8880
    630879,   8240,   9360,  10928,   9264
    630939,   8176,   8800,  10960,   8688
    630999,   8208,   8704,  10960,   8464
    631076,   8240,   9088,  10960,   8944
    631136,   8208,   9344,  10944,   8976
    631196,   8192,   8720,  10960,   8512
    631256,   8224,   9328,  10992,   9136
    631316,   8224,   9296,  10960,   8832
    631376,   8256,   8768,  10960,   8496
    631436,   8224,   8784,  11024,   8672
    631496,   8224,   9488,  10944,   9040
    631556,   8224,   8800,  10960,   8496
    631616,   8224,   8864,  10976,   9072
    631676,   8224,   9344,  10960,   9024
    631736,   8240,   9104,  10944,   8624
    631801,   8208,   8672,  10960,   8544
    631861,   8240,   8816,  10960,   8608
    631921,   8176,   9248,  10960,   8800
    631981,   8176,   9440,  10944,   9104
    632041,   8176,   9008,  10944,   8960
    632101,   8192,   8688,  10960,   8448
    632161,   8224,   9248,  10960,   8912
    632221,   8192,   9360,  10944,   9056
    632281,   8208,   8736,  10960,   8576
    632341,   8256,   8720,  10944,   8496
    632401,   8192,   9312,  10944,   9104
    632466,   8224,   8992,  10960,   8544
    632526,   8224,   8768,  10960,   8736
    632586,   8192,   9280,  10960,   9168
    632646,   8240,   8640,  10960,   8480
    632706,   8208,   9360,  10960,   9088
    632766,   8240,   8688,  10960,   8400
    632826,   8192,   9328,  10944,   9056
    632886,   8256,   8832,  10960,   8544
    632946,   8208,   9232,  10944,   9184
    633006,   8176,   8688,  10960,   8496
    633066,   8208,   9168,  10960,   8688
    633126,   8224,   9344,  10944,   9072
    633191,   8240,   9008,  10944,   8496
    633251,   8240,   8960,  10960,   8688
    633311,   8240,   9216,  10944,   9104
    633371,   8224,   8704,  10960,   8496
    633431,   8224,   9440,  10976,   9024
    633491,   8192,   8880,  10976,   8880
    633551,   8208,   8720,  10960,   8544
    633611,   8192,   9328,  10960,   8976
    633671,   8240,   9072,  10960,   8928
    633731,   8256,   8688,  10944,   8544
    633791,   8192,   9072,  10960,   8784
    633851,   8208,   8992,  10944,   8928
    633916,   8176,   8704,  10960,   8544
    633976,   8208,   9040,  10944,   8896
    634036,   8224,   8704,  10992,   8480
    634096,   8192,   8704,  10976,   8416
    634156,   8208,   8896,  10976,   8768
    634216,   8176,   9008,  10944,   8832
    634276,   8192,   8688,  10960,   8496
    634336,   8208,   9072,  10960,   9120
    634396,   8192,   8864,  10960,   8832
    634456,   8224,   8864,  10976,   8464
    634516,   8224,   9392,  10960,   9056
    634581,   8208,   8704,  10944,   8416
    634641,   8224,   9280,  10944,   9088
    634701,   8224,   8752,  10992,   8448
    634761,   8176,   9216,  10960,   9088
    634821,   8208,   8688,  10960,   8416
    634881,   8240,   9232,  10960,   9024
    634941,   8208,   8704,  10960,   8480
    635001,   8208,   8736,  10992,   8816
    635061,   8192,   8912,  10960,   8880
    635121,   8240,   8864,  10976,   8416
    635181,   8208,   9152,  10976,   8880
    635241,   8208,   8800,  10928,   8448
    635306,   8240,   9280,  10944,   9072
    635366,   8240,   8784,  10976,   8544
    635426,   8208,   9120,  10944,   9008
    635486,   8224,   8752,  10960,   8400
    635546,   8224,   9456,  10976,   9040
    635606,   8192,   8928,  10960,   8880
    635666,   8208,   8704,  10976,   8400
    635726,   8208,   9264,  10960,   9088
    635786,   8240,   8720,  10944,   8560
    635846,   8240,   9056,  10976,   8576
    635906,   8208,   9344,  10960,   9104
    635971,   8240,   9168,  10960,   9088
    636031,   8224,   9328,  10944,   9008
    636091,   8224,   9168,  10976,   8992
    636151,   8192,   8832,  10992,   8832
    636211,   8224,   8720,  10960,   8528
    636271,   8224,   8672,  10960,   8448
    636331,   8192,   8672,  10976,   8416
    636391,   8224,   9216,  10960,   8800
    636451,   8256,   9248,  10960,   8928
    636511,   8240,   8752,  10976,   8624
    636571,   8192,   8640,  10976,   8528
    636631,   8240,   8768,  10976,   8416
    636696,   8240,   8864,  10944,   8576
    636756,   8208,   9344,  10960,   9120
    636816,   8240,   9200,  10960,   9056
    636876,   8256,   8656,  10960,   8464
    636936,   8240,   9280,  10976,   8816
    636996,   8208,   8944,  10960,   8816
    637056,   8208,   8880,  10976,   8640
    637116,   8224,   9056,  10960,   9008
    637176,   8240,   8688,  10976,   8416
    637236,   8224,   8800,  10960,   8480
    637296,   8224,   8976,  10976,   8640
    637356,   8224,   9328,  10960,   9040
    637421,   8256,   9456,  10960,   8912
    637481,   8240,   8784,  10960,   8608
    637541,   8192,   8672,  10976,   8512
    637601,   8240,   8672,  10944,   8384
    637661,   8224,   8944,  10976,   8544
    637721,   8192,   9312,  10976,   9152
    637781,   8240,   8832,  10976,   8608
    637841,   8208,   8672,  10960,   8416
    637901,   8240,   9280,  10976,   8784
    637961,   8176,   9328,  10944,   9200
    638021,   8240,   9184,  10960,   9056
    638086,   8192,   9296,  10976,   8656
    638146,   8192,   8704,  10960,   8512
    638206,   8240,   8800,  10976,   8496
    638266,   8240,   9280,  10960,   8864
    638326,   8224,   9456,  10960,   8944
    638386,   8224,   8624,  10976,   8496
    638446,   8224,   8768,  10976,   8480
    638506,   8192,   9264,  10976,   9088
    638566,   8192,   8656,  10960,   8560
    638626,   8208,   8720,  10976,   8432
    638686,   8224,   9184,  10976,   8896
    638746,   8192,   9088,  10960,   8992
    638811,   8208,   8768,  10944,   8576
    638871,   8224,   9056,  10976,   8592
    638931,   8224,   9328,  10976,   9200
    638991,   8240,   8960,  10960,   8576
    639051,   8240,   9248,  10960,   8880
    639111,   8208,   8688,  10992,   8544
    639171,   8224,   9440,  10944,   8992
    639231,   8224,   8672,  10976,   8496
    639291,   8176,   9152,  10976,   8912
    639351,   8208,   8688,  10976,   8608
    639411,   8240,   8976,  10992,   8544
    639471,   8208,   9456,  10960,   9008
    639536,   8240,   9088,  10944,   8512
    639596,   8208,   8624,  10960,   8400
    639656,   8208,   9184,  10944,   9008
    639716,   8192,   9088,  10976,   8608
    639776,   8224,   8720,  10992,   8464
    639836,   8192,   9424,  10960,   9056
    639896,   8192,   8848,  10976,   8800
    639956,   8240,   8672,  10960,   8480
    640016,   8192,   8800,  10976,   8384
    640076,   8208,   9280,  10976,   8768
    640136,   8176,   9344,  10960,   9152
    640201,   8240,   8736,  10960,   8560
    640261,   8192,   9232,  10976,   8752
    640321,   8192,   8880,  10976,   8752
    640381,   8224,   9072,  10976,   8624
    640441,   8224,   9088,  10960,   8928
    640501,   8208,   8672,  10992,   8432
    640561,   8176,   9312,  10976,   8976
    640621,   8208,   8912,  10960,   8816
    640681,   8224,   8640,  10960,   8416
    640741,   8208,   9184,  10976,   8880
    640801,   8240,   9328,  11040,   9008
    640861,   8240,   9200,  10944,   8896
    640926,   8176,   9008,  10976,   8496
    640986,   8208,   8640,  10992,   8400
    641046,   8240,   8800,  10992,   8352
    641106,   8208,   8832,  10976,   8448
    641166,   8208,   8736,  10976,   8416
    641226,   8240,   8736,  10976,   8368
    641286,   8208,   8720,  10944,   8416
    641346,   8224,   9008,  10976,   8736
    641406,   8208,   9120,  10976,   9024
    641466,   8192,   8672,  10992,   8368
    641526,   8240,   9424,  10960,   8960
    641586,   8176,   8800,  10976,   8736
    641651,   8224,   8608,  10960,   8576
    641711,   8208,   9120,  10960,   8976
    641771,   8240,   8720,  10976,   8352
    641831,   8208,   9424,  10960,   8944
    641891,   8192,   8960,  10960,   8480
    641951,   8192,   8928,  10944,   8640
    642011,   8192,   9024,  10928,   8960
    642071,   8192,   8672,  10976,   8368
    642131,   8192,   9440,  10960,   8992
    642191,   8224,   8768,  10960,   8592
    642251,   8192,   8640,  10960,   8416
    642315,   8208,   8720,  10976,   8576
    642376,   8240,   9424,  10960,   9008
    642436,   8208,   8960,  10944,   8784
    642496,   8208,   8608,  10976,   8384
    642556,   8192,   9104,  10976,   8592
    642616,   8208,   9376,  10960,   9024
    642676,   8224,   8800,  10976,   8640
    642736,   8224,   8720,  10976,   8384
    642796,   8256,   9216,  10976,   8816
    642856,   8208,   9296,  10976,   9008
    642916,   8192,   8704,  10960,   8608
    642976,   8192,   8624,  10960,   8384
    643041,   8192,   8624,  10976,   8448
    643101,   8192,   9136,  10976,   8608
    643161,   8208,   9312,  10960,   9040
    643221,   8192,   9136,  10960,   8992
    643281,   8240,   8768,  10976,   8560
    643341,   8192,   8624,  10960,   8400
    643401,   8240,   8704,  10976,   8416
    643461,   8240,   8784,  10976,   8336
    643521,   8240,   8800,  10976,   8416
    643581,   8192,   8672,  10976,   8432
    643641,   8224,   8656,  10976,   8368
    643706,   8192,   8752,  10960,   8560
    643766,   8240,   8688,  10992,   8512
    643826,   8208,   8672,  10960,   8560
    643886,   8192,   8608,  10976,   8480
    643946,   8208,   8624,  10992,   8384
    644006,   8208,   8928,  10976,   8480
    644066,   8240,   9296,  10976,   8800
    644126,   8192,   9280,  10960,   9168
    644186,   8240,   8832,  10960,   8704
    644246,   8208,   8640,  10960,   8432
    644306,   8224,   8608,  10976,   8496
    644366,   8240,   8656,  10960,   8528
    644431,   8192,   8704,  10960,   8512
    644491,   8208,   8944,  10976,   8528
    644551,   8240,   8608,  10944,   8416
    644611,   8240,   8736,  10960,   8352
    644671,   8240,   8832,  10976,   8464
    644731,   8208,   8896,  10976,   8544
    644791,   8240,   8928,  10976,   8464
    644851,   8208,   9232,  10992,   8752
    644911,   8208,   9344,  10976,   9104
    644971,   8240,   9168,  10976,   8992
    645031,   8176,   8720,  10976,   8592
    645091,   8224,   8672,  10976,   8432
    645156,   8240,   8640,  10960,   8416
    645216,   8256,   8688,  10960,   8320
    645276,   8192,   8672,  10976,   8368
    645336,   8208,   8624,  10976,   8288
    645396,   8240,   8768,  10976,   8272
    645456,   8208,   8704,  10960,   8320
    645516,   8240,   8656,  11008,   8336
    645576,   8240,   8720,  11008,   8288
    645636,   8240,   8672,  10976,   8272
    645696,   8240,   8624,  10960,   8368
    645756,   8224,   8800,  10976,   8560
    645821,   8224,   9264,  10960,   8976
    645881,   8208,   9248,  10976,   8960
    645941,   8224,   9248,  10960,   8880
    646001,   8240,   8928,  10976,   8752
    646061,   8240,   8704,  10992,   8496
    646121,   8208,   8688,  10992,   8464
    646181,   8208,   8624,  11008,   8320
    646241,   8224,   8672,  10992,   8272
    646301,   8192,   8816,  10992,   8272
    646361,   8192,   8880,  11008,   8336
    646421,   8208,   8944,  11008,   8528
    646481,   8224,   9168,  10992,   8624
    646546,   8192,   9040,  10992,   8864
    646606,   8208,   9264,  10992,   8928
    646666,   8192,   9280,  10992,   8832
    646726,   8224,   9248,  10992,   8704
    646786,   8240,   8688,  11008,   8288
    646846,   8224,   8576,  10976,   8224
    646906,   8192,   8704,  10992,   8512
    646966,   8224,   8832,  10976,   8624
    647026,   8208,   9360,  11008,   8864
    647086,   8240,   8928,  10976,   8512
    647146,   8208,   9072,  11008,   8368
    647206,   8224,   8688,  11024,   8448
    647271,   8176,   8656,  11024,   8288
    647331,   8240,   8704,  10848,   8192
    647391,   8208,   8624,  10992,   8208
    647451,   8240,   8560,  10992,   8208
    647511,   8240,   9024,  11024,   8688
    647571,   8192,   9232,  11008,   8864
    647631,   8240,   8864,  11008,   8272
    647691,   8240,   8624,  11024,   8192
    647751,   8224,   8608,  11008,   8208
    647811,   8208,   9024,  10992,   8688
    647871,   8192,   9184,  11008,   8960
    647936,   8224,   9232,  10992,   8800
    647996,   8224,   9376,  10992,   8896
    648056,   8208,   9232,  10992,   8864
    648116,   8240,   8960,  10976,   8432
    648176,   8240,   8608,  11008,   8288
    648236,   8176,   8688,  11008,   8512
    648296,   8208,   9280,  10992,   8832
    648356,   8224,   9104,  11008,   8720
    648416,   8192,   9136,  11008,   8448
    648476,   8240,   8736,  10992,   8224
    648536,   8240,   8560,  11008,   8224
    648596,   8208,   8752,  11024,   8384
    648661,   8208,   9264,  10992,   8688
    648721,   8224,   9184,  11008,   8832
    648781,   8240,   9376,  11056,   8832
    648841,   8224,   9088,  11024,   8784
    648901,   8192,   9040,  10992,   8336
    648961,   8240,   8944,  11008,   8288
    649021,   8192,   8656,  11024,   8176
    649081,   8208,   8640,  10992,   8160
    649141,   8240,   8592,  10992,   8256
    649201,   8192,   8896,  11136,   8608
    649261,   8208,   9360,  10992,   8736
    649321,   8176,   8688,  11008,   8672
    649386,   8240,   8736,  11056,   8320
    649446,   8192,   8640,  11008,   8240
    649506,   8192,   8560,  10992,   8176
    649566,   8240,   8656,  11104,   8384
    649626,   8224,   8928,  11056,   8800
    649686,   8192,   9088,  10992,   8880
    649746,   8208,   9360,  11120,   8816
    649806,   8192,   9152,  11008,   8832
    649866,   8208,   9088,  10960,   8512
    649926,   8224,   8912,  10976,   8336
    649986,   8208,   8640,  10896,   8256
    650051,   8208,   8640,  11008,   8208
    650111,   8192,   8576,  11040,   8240
    650171,   8224,   8672,  10960,   8224
    650231,   8192,   8672,  10992,   8416
    650291,   8208,   8880,  11008,   8720
    650351,   8240,   8800,  11024,   8688
    650411,   8240,   8976,  11008,   8672
    650471,   8192,   9280,  11008,   8944
    650531,   8224,   9040,  11008,   8400
    650591,   8240,   8608,  10992,   8192
    650651,   8208,   8784,  11024,   8640
    650711,   8224,   9264,  11024,   8896
    650776,   8224,   8560,  11008,   8560
    650836,   8208,   8640,  11024,   8352
    650896,   8192,   9008,  10976,   8688
    650956,   8208,   9056,  11008,   8768
    651016,   8240,   9344,  11024,   8800
    651076,   8240,   9040,  11120,   8560
    651136,   8160,   9104,  11040,   8496
    651196,   8192,   9088,  11056,   8400
    651256,   8240,   8944,  11024,   8512
    651316,   8208,   8544,  11008,   8256
    651376,   8192,   8640,  11024,   8192
    651441,   8240,   8528,  10992,   8304
    651501,   8176,   8720,  11008,   8096
    651561,   8176,   8592,  11024,   8144
    651621,   8224,   8624,  11040,   8368
    651681,   8192,   9024,  11040,   8720
    651741,   8224,   9120,  11024,   8832
    651801,   8224,   8944,  11008,   8656
    651861,   8176,   9040,  11008,   8272
    651921,   8208,   8640,  11024,   8448
    651981,   8192,   9056,  11024,   8832
    652041,   8176,   9264,  11056,   8640
    652101,   8176,   8576,  11040,   8064
    652166,   8208,   8576,  11008,   8176
    652226,   8208,   8800,  11024,   8608
    652286,   8208,   9008,  11040,   8832
    652346,   8224,   9296,  11024,   8688
    652406,   8208,   8528,  11008,   8112
    652466,   8240,   8736,  11008,   8144
    652526,   8176,   8656,  11024,   8384
    652586,   8192,   9136,  11040,   8848
    652646,   8176,   8944,  11040,   8368
    652706,   8224,   8528,  11056,   8128
    652766,   8240,   8608,  11024,   8288
    652826,   8224,   8896,  11024,   8720
    652891,   8176,   9024,  11008,   8880
    652951,   8176,   8672,  11008,   8576
    653011,   8240,   8480,  10992,   8256
    653071,   8208,   8896,  10992,   8688
    653131,   8208,   9168,  11008,   8928
    653191,   8240,   9216,  11040,   8784
    653251,   8224,   9312,  10992,   8720
    653311,   8240,   9168,  11008,   8720
    653371,   8224,   9200,  11024,   8704
    653431,   8176,   9264,  11024,   8624
    653491,   8176,   9184,  11008,   8800
    653555,   8192,   8960,  11024,   8752
    653616,   8240,   8928,  11008,   8336
    653676,   8208,   8528,  11056,   8144
    653736,   8224,   8560,  10976,   8192
    653796,   8240,   8544,  11040,   8096
    653856,   8176,   8496,  11024,   8080
    653916,   8192,   8592,  11056,   8064
    653976,   8192,   8496,  11040,   8176
    654036,   8256,   8496,  10992,   8160
    654096,   8224,   8880,  11024,   8544
    654156,   8208,   9152,  11024,   8720
    654216,   8224,   8704,  10992,   8128
    654281,   8240,   8608,  10912,   8128
    654341,   8208,   8528,  11056,   8208
    654401,   8224,   9056,  11040,   8560
    654461,   8224,   8848,  11008,   8432
    654521,   8208,   8768,  11072,   8128
    654581,   8224,   8544,  11088,   8128
    654641,   8224,   8624,  11056,   8368
    654701,   8224,   8912,  11008,   8576
    654761,   8208,   9088,  11024,   8848
    654821,   8208,   9024,  11024,   8352
    654881,   8240,   8640,  11024,   8112
    654941,   8240,   8544,  11024,   8272
    655006,   8176,   9248,  11040,   8720
    655066,   8176,   8976,  11040,   8480
    655126,   8224,   8672,  11072,   8096
    655186,   8208,   8560,  11088,   8256
    655246,   8208,   8800,  11008,   8608
    655306,   8208,   8992,  11008,   8656
    655366,   8208,   9216,  11024,   8816
    655426,   8224,   8912,  10720,   8224
    655486,   8192,   8512,  11104,   8128
    655546,   8192,   8736,  11040,   8224
    655606,   8240,   9344,  11040,   8656
    655671,   8240,   9040,  11008,   8688
    655731,   8192,   8496,  11008,   8144
    655791,   8176,   8928,  11024,   8320
    655851,   8240,   9184,  11008,   8736
    655911,   8208,   8992,  11024,   8784
    655971,   8192,   8480,  10976,   8352
    656031,   8224,   9056,  11008,   8656
    656091,   8192,   8864,  11008,   9136
    656151,   8240,   8624,  10992,   8496
    656211,   8240,   9248,  10928,   9008
    656271,   8176,   8624,  10960,   8672
    656331,   8192,   8912,  10976,   8752
    656396,   8208,   8736,  10976,   8864
    656456,   8240,   8896,  10944,   8624
    656516,   8208,   9232,  10928,   9056
    656576,   8176,   8560,  10864,   8464
    656636,   8192,   9248,  10976,   9024
    656696,   8208,   8640,  10960,   8672
    656756,   8192,   9248,  10960,   9088
    656816,   8224,   8672,  10960,   8400
    656876,   8192,   9216,  10960,   8960
    656936,   8224,   8544,  11056,   8384
    656996,   8224,   9168,  10928,   8912
    657056,   8208,   8896,  10976,   8912
    657121,   8176,   8560,  10944,   8464
    657181,   8208,   9328,  11008,   8896
    657241,   8240,   9184,  11024,   9168
    657301,   8240,   8672,  10992,   8624
    657361,   8208,   8800,  10960,   8576
    657421,   8192,   9248,  10960,   9072
    657481,   8208,   8864,  11008,   8944
    657541,   8208,   8592,  10944,   8688
    657601,   8240,   8672,  10960,   8368
    657661,   8176,   9232,  10944,   8848
    657721,   8176,   9200,  10960,   9056
    657786,   8224,   8608,  10976,   8672
    657846,   8176,   8704,  10960,   8432
    657906,   8176,   9360,  10992,   8928
    657966,   8192,   8640,  10992,   8704
    658026,   8240,   8656,  10944,   8400
    658086,   8224,   9248,  10992,   8976
    658146,   8208,   8736,  11008,   8688
    658206,   8208,   9024,  10960,   8640
    658266,   8208,   8976,  10992,   8976
    658326,   8240,   8672,  10976,   8448
    658386,   8240,   9152,  10960,   8880
    658446,   8192,   8624,  10976,   8640
    658511,   8192,   9040,  10976,   8688
    658571,   8208,   8880,  10992,   8816
    658631,   8192,   8704,  10960,   8336
    658691,   8224,   9248,  11024,   8976
    658751,   8224,   8624,  10928,   8320
    658811,   8224,   9312,  10960,   8944
    658871,   8208,   8544,  11008,   8336
    658931,   8224,   9360,  10944,   8800
    658991,   8240,   8528,  10992,   8400
    659051,   8192,   9056,  10960,   8528
    659111,   8176,   8848,  10992,   8944
    659176,   8240,   8768,  10960,   8336
    659236,   8176,   9072,  10960,   9040
    659296,   8208,   8672,  10960,   8288
    659356,   8192,   8896,  10992,   8992
    659416,   8176,   9152,  10976,   8608
    659476,   8176,   8656,  10992,   8720
    659536,   8240,   8608,  11024,   8272
    659596,   8208,   9024,  11008,   9024
    659656,   8192,   8640,  10976,   8256
    659716,   8224,   8736,  11008,   8816
    659776,   8208,   8720,  10992,   8288
    659836,   8240,   9232,  11024,   8912
    659901,   8208,   8576,  10976,   8224
    659961,   8192,   9216,  10992,   8768
    660021,   8240,   8608,  11008,   8368
    660081,   8224,   9216,  10992,   8864
    660141,   8192,   8576,  10992,   8304
    660201,   8224,   9120,  10992,   8656
    660261,   8176,   8720,  11008,   8560
    660321,   8208,   8688,  11024,   8320
    660381,   8192,   9088,  10992,   8656
    660441,   8240,   8784,  11008,   8640
    660501,   8208,   8816,  10992,   8368
    660561,   8208,   8960,  11008,   8720
    660626,   8192,   8688,  10992,   8416
    660686,   8224,   9328,  11008,   8752
    660746,   8208,   8560,  11024,   8176
    660806,   8224,   9328,  10976,   8704
    660866,   8192,   8528,  11056,   8416
    660926,   8224,   8752,  11024,   8240
    660986,   8192,   9120,  11024,   8944
    661046,   8224,   8528,  11008,   8208
    661106,   8240,   9248,  11008,   8768
    661166,   8240,   8752,  10992,   8528
    661226,   8240,   8864,  10992,   8320
    661291,   8256,   8976,  11024,   8784
    661351,   8176,   8544,  10992,   8208
    661411,   8224,   9200,  11008,   8784
    661471,   8240,   8624,  11024,   8416
    661531,   8256,   8592,  11024,   8192
    661591,   8208,   9184,  11008,   8528
    661651,   8192,   8720,  11024,   8704
    661711,   8192,   8880,  11008,   8320
    661771,   8192,   9200,  11024,   8784
    661831,   8176,   8592,  11008,   8352
    661891,   8192,   8944,  11008,   8400
    661951,   8224,   8608,  11024,   8320
    662016,   8176,   9152,  10992,   8912
    662076,   8208,   8640,  11024,   8176
    662136,   8224,   9136,  10992,   8928
    662196,   8208,   8800,  11024,   8240
    662256,   8224,   9184,  11008,   8672
    662316,   8176,   8720,  11024,   8496
    662376,   8224,   8864,  10992,   8336
    662436,   8224,   8688,  11024,   8400
    662496,   8224,   9248,  11008,   8816
    662556,   8176,   8576,  11040,   8192
    662616,   8192,   8704,  11024,   8720
    662676,   8192,   9312,  11024,   8752
    662741,   8176,   8560,  11024,   8208
    662801,   8176,   9312,  11008,   8688
    662861,   8192,   9040,  11024,   8576
    662921,   8192,   8560,  11008,   8160
    662981,   8240,   9056,  11024,   8752
    663041,   8208,   9136,  11040,   8512
    663101,   8224,   8608,  11024,   8096
    663161,   8192,   8800,  11024,   8704
    663221,   8208,   8832,  11024,   8272
    663281,   8208,   9136,  11024,   8864
    663341,   8208,   8624,  11024,   8320
    663406,   8192,   9200,  11024,   8480
    663466,   8208,   8752,  11024,   8480
    663526,   8224,   8560,  11040,   8144
    663586,   8208,   9088,  11024,   8784
    663646,   8224,   8560,  11024,   8240
    663706,   8224,   8992,  11024,   8432
    663766,   8224,   8704,  11056,   8416
    663826,   8224,   9168,  11024,   8784
    663886,   8240,   8960,  11040,   8384
    663946,   8224,   8512,  11056,   8080
    664006,   8160,   8560,  11008,   8464
    664066,   8176,   9264,  11024,   8560
    664131,   8176,   8512,  11040,   8288
    664191,   8176,   8848,  11040,   8624
    664251,   8240,   9152,  11024,   8624
    664311,   8208,   8672,  11040,   8192
    664371,   8224,   8544,  11024,   8112
    664431,   8208,   8832,  11024,   8752
    664491,   8208,   9248,  11040,   8576
    664551,   8208,   8656,  11040,   8192
    664611,   8224,   8528,  11008,   8112
    664671,   8224,   8720,  11040,   8448
    664731,   8176,   9120,  11040,   8848
    664791,   8240,   8912,  11008,   8256
    664855,   8208,   8608,  11008,   8096
    664916,   8192,   8608,  11024,   8352
    664976,   8240,   9024,  11056,   8736
    665036,   8208,   9040,  11008,   8448
    665096,   8224,   8528,  11024,   8144
    665156,   8176,   9152,  11008,   8848
    665216,   8240,   8624,  11024,   8128
    665276,   8176,   8688,  11040,   8608
    665336,   8224,   9216,  11056,   8544
    665396,   8224,   8608,  11024,   8160
    665456,   8224,   8544,  11040,   8288
    665521,   8224,   8576,  11024,   8288
    665581,   8224,   9104,  11040,   8912
    665641,   8240,   8896,  11008,   8336
    665701,   8224,   8528,  11024,   8128
    665761,   8240,   8528,  11024,   8256
    665821,   8176,   8848,  11024,   8656
    665881,   8240,   9184,  11024,   8800
    665941,   8192,   8752,  11040,   8224
    666001,   8224,   8496,  11008,   8288
    666061,   8208,   8944,  11040,   8688
    666121,   8192,   9136,  11024,   8816
    666181,   8224,   9008,  11008,   8432
    666246,   8208,   8672,  11024,   8352
    666306,   8208,   8528,  11040,   8160
    666366,   8224,   8976,  11040,   8704
    666426,   8192,   9072,  11024,   8528
    666486,   8192,   8656,  11024,   8160
    666546,   8208,   8576,  11056,   8240
    666606,   8176,   9088,  11024,   8912
    666666,   8240,   8784,  11024,   8256
    666726,   8208,   8512,  11024,   8144
    666786,   8224,   9232,  11024,   8800
    666846,   8240,   8528,  11040,   8112
    666911,   8256,   9008,  11008,   8736
    666971,   8240,   8768,  11040,   8272
    667031,   8240,   8560,  11040,   8352
    667091,   8208,   9168,  11008,   8768
    667151,   8256,   8496,  11024,   8144
    667211,   8224,   8944,  11072,   8672
    667271,   8192,   8976,  11024,   8400
    667331,   8224,   8576,  11040,   8240
    667391,   8192,   9200,  11008,   8848
    667451,   8224,   8656,  11024,   8176
    667511,   8192,   8480,  11040,   8176
    667571,   8192,   8960,  11040,   8672
    667636,   8160,   8928,  11040,   8736
    667696,   8208,   8576,  11040,   8128
    667756,   8240,   8736,  11024,   8448
    667816,   8192,   9216,  11024,   8768
    667876,   8176,   9072,  11008,   8416
    667936,   8240,   8896,  11024,   8432
    667996,   8240,   9072,  11024,   8512
    668056,   8208,   9072,  10992,   8464
    668116,   8224,   8720,  10992,   8320
    668176,   8224,   8768,  11040,   8368
    668236,   8208,   8912,  10992,   8352
    668296,   8224,   8576,  10992,   8080
    668361,   8208,   8448,  10992,   8080
    668421,   8208,   8496,  11072,   8160
    668481,   8208,   8720,  11040,   8352
    668541,   8240,   8704,  11024,   8160
    668601,   8208,   8528,  10992,   8016
    668661,   8224,   8608,  11024,   8448
    668721,   8192,   9088,  11056,   8736
    668781,   8240,   9056,  11056,   8832
    668841,   8176,   9072,  11040,   8864
    668901,   8176,   9184,  11040,   8432
    668961,   8240,   8528,  11024,   8032
    669026,   8224,   8464,  11024,   8192
    669086,   8176,   9104,  11072,   8816
    669146,   8224,   9200,  11024,   8832
    669206,   8208,   9264,  11024,   8528
    669266,   8224,   8880,  11008,   8272
    669326,   8240,   8576,  11040,   8112
    669386,   8192,   8480,  11024,   8128
    669446,   8224,   8544,  11040,   8448
    669506,   8176,   9232,  11056,   8688
    669566,   8240,   8832,  11024,   8256
    669626,   8224,   8496,  11024,   8160
    669686,   8208,   9008,  11040,   8752
    669751,   8224,   9040,  11072,   8896
    669811,   8240,   8992,  11040,   8320
    669871,   8192,   8672,  11024,   8144
    669931,   8208,   8640,  11024,   8128
    669991,   8240,   8544,  11056,   8096
    670051,   8208,   8448,  11024,   8144
    670111,   8176,   8528,  11024,   8256
    670171,   8176,   8608,  11024,   8288
    670231,   8176,   8608,  11056,   8560
    670291,   8208,   9296,  11040,   8784
    670351,   8208,   8688,  11024,   8240
    670411,   8208,   8448,  11008,   8176
    670476,   8208,   8592,  11040,   8496
    670536,   8208,   8816,  11056,   8768
    670596,   8176,   9296,  11008,   8704
    670656,   8208,   8672,  11008,   8240
    670716,   8240,   8464,  11056,   8208
    670776,   8224,   8960,  11056,   8688
    670836,   8192,   9168,  11040,   8624
    670896,   8192,   8560,  11024,   8032
    670956,   8224,   8512,  11056,   8352
    671016,   8224,   9056,  11072,   8704
    671076,   8192,   9152,  11024,   8656
    671141,   8240,   8688,  11056,   8448
    671201,   8192,   8688,  11024,   8112
    671261,   8224,   8480,  11040,   8096
    671321,   8240,   8448,  11040,   8096
    671381,   8224,   8512,  11040,   8048
    671441,   8240,   8480,  11040,   8256
    671501,   8192,   8864,  11056,   8560
    671561,   8208,   9088,  11040,   8720
    671621,   8208,   9040,  11056,   8432
    671681,   8208,   8528,  11040,   8048
    671741,   8208,   8464,  11072,   8224
    671801,   8192,   8976,  11072,   8640
    671866,   8176,   8992,  11040,   8688
    671926,   8176,   9152,  11056,   8672
    671986,   8192,   8992,  11056,   8304
    672046,   8240,   8704,  11056,   8176
    672106,   8224,   8496,  11056,   8112
    672166,   8208,   8752,  11072,   8464
    672226,   8208,   9104,  11056,   8816
    672286,   8208,   8704,  11040,   8128
    672346,   8224,   8480,  11056,   8224
    672406,   8208,   8960,  11056,   8624
    672466,   8224,   9072,  11040,   8480
    672526,   8224,   8784,  11040,   8192
    672591,   8176,   8848,  11056,   8176
    672651,   8208,   8448,  11072,   8048
    672711,   8192,   8448,  11040,   8064
    672771,   8176,   8512,  11056,   8080
    672831,   8224,   8464,  11072,   8208
    672891,   8224,   8512,  11056,   8224
    672951,   8224,   8768,  11088,   8416
    673011,   8208,   8512,  11072,   8288
    673071,   8240,   8480,  11072,   8112
    673131,   8208,   8528,  11056,   8128
    673191,   8208,   8464,  11072,   8192
    673256,   8208,   8464,  11072,   8096
    673316,   8224,   8544,  11072,   8176
    673376,   8192,   8480,  11088,   8208
    673436,   8192,   8528,  11072,   8256
    673496,   8208,   8848,  11072,   8560
    673556,   8224,   9136,  11056,   8656
    673616,   8240,   9008,  11056,   8352
    673676,   8192,   8768,  11056,   8208
    673736,   8192,   8560,  11056,   8048
    673796,   8192,   8480,  11056,   8000
    673856,   8240,   8480,  11056,   8208
    673916,   8224,   8640,  11072,   8384
    673981,   8240,   9024,  11056,   8496
    674041,   8208,   8928,  11072,   8656
    674101,   8208,   8976,  11056,   8320
    674161,   8192,   8672,  11056,   8128
    674221,   8240,   8480,  11056,   8048
    674281,   8208,   8528,  11072,   8176
    674341,   8208,   8864,  11072,   8752
    674401,   8192,   9296,  11040,   8672
    674461,   8240,   9104,  11056,   8544
    674521,   8192,   8912,  11056,   8320
    674581,   8224,   8528,  11056,   8048
    674646,   8192,   8432,  11056,   8096
    674706,   8176,   8496,  11056,   8176
    674766,   8176,   8640,  11056,   8336
    674826,   8224,   8576,  11072,   8416
    674886,   8192,   8976,  11056,   8624
    674946,   8224,   9072,  11056,   8576
    675006,   8208,   8928,  11056,   8304
    675066,   8240,   8656,  11072,   8080
    675126,   8176,   8448,  11056,   8032
    675186,   8208,   8512,  11072,   8240
    675246,   8176,   8768,  11056,   8448
    675306,   8208,   8992,  11056,   8800
    675371,   8224,   9136,  11040,   8672
    675431,   8192,   8864,  11040,   8288
    675491,   8224,   8480,  11072,   8080
    675551,   8224,   8768,  11072,   8448
    675611,   8224,   9136,  11056,   8768
    675671,   8192,   8832,  11056,   8176
    675731,   8240,   8432,  11072,   8080
    675791,   8224,   8976,  11072,   8608
    675851,   8224,   9072,  11056,   8688
    675911,   8192,   9168,  11056,   8688
    675971,   8208,   9232,  11056,   8608
    676031,   8176,   9088,  11056,   8704
    676108,   8224,   8976,  11056,   8672
    676168,   8224,   8896,  11072,   8768
    676228,   8208,   9056,  11056,   8640
    676288,   8192,   8736,  11056,   8448
    676348,   8240,   8560,  11056,   8416
    676408,   8176,   8800,  11056,   8496
    676468,   8192,   8784,  11072,   8480
    676528,   8224,   8976,  11072,   8800
    676588,   8176,   9088,  11072,   8656
    676648,   8176,   9040,  11056,   8672
    676708,   8192,   9168,  11056,   8784
    676773,   8192,   9136,  11088,   8672
    676833,   8208,   9088,  11056,   8560
    676893,   8208,   8992,  11040,   8368
    676953,   8224,   8704,  11040,   8144
