     11624,   8176,   8224,  14192,   8096
     11698,   8272,   8016,  14160,   8208
     11758,   8208,   7984,  14192,   7920
     11818,   8272,   8000,  14128,   7888
     11878,   8208,   8096,  14240,   7776
     11938,   8304,   8080,  14192,   7728
     11998,   8160,   8064,  14192,   7792
     12058,   8224,   8096,  14224,   7728
     12118,   8176,   8160,  14208,   7760
     12178,   8192,   7952,  14160,   7952
     12238,   8176,   7904,  14192,   8048
     12298,   8192,   8208,  14192,   7664
     12362,   8272,   8208,  14160,   8064
     12423,   8240,   7968,  14192,   8240
     12483,   8288,   7856,  14128,   8320
     12543,   8160,   7888,  14224,   8320
     12603,   8352,   7984,  14208,   8224
     12663,   8224,   7920,  14208,   8256
     12723,   8224,   7856,  14224,   8320
     12783,   8128,   7904,  14176,   8176
     12843,   8272,   7856,  14160,   8320
     12903,   8224,   8464,  14192,   7728
     12963,   8256,   8576,  14176,   7648
     13023,   8224,   8192,  14144,   7824
     13088,   8256,   7808,  14160,   8352
     13148,   8240,   7824,  14144,   8384
     13208,   8160,   8208,  14192,   8000
     13268,   8304,   8480,  14224,   7680
     13328,   8224,   8240,  14208,   7840
     13388,   8256,   7856,  14240,   8304
     13448,   8176,   8128,  14192,   8000
     13508,   8208,   8576,  14240,   7632
     13568,   8176,   7840,  14208,   8240
     13628,   8176,   8352,  14240,   7888
     13688,   8224,   8336,  14176,   7712
     13753,   8240,   7904,  14176,   8160
     13813,   8176,   7904,  14192,   8224
     13873,   8240,   7856,  14160,   8288
     13933,   8192,   8064,  14224,   8128
     13993,   8272,   8608,  14176,   7664
     14053,   8208,   8560,  14192,   7664
     14113,   8224,   8256,  14208,   7808
     14173,   8288,   7856,  14192,   8192
     14233,   8192,   8128,  14192,   8080
     14293,   8208,   8464,  14160,   7664
     14353,   8160,   7824,  14176,   8288
     14413,   8240,   8128,  14192,   8112
     14478,   8288,   8560,  14144,   7632
     14538,   8288,   7840,  14176,   8240
     14598,   8256,   8160,  14192,   8096
     14658,   8208,   8544,  14160,   7712
     14718,   8160,   7952,  14192,   8048
     14778,   8272,   8096,  14192,   8192
     14838,   8176,   8496,  14208,   7632
     14898,   8368,   7904,  14224,   8240
     14958,   8176,   8304,  14224,   7888
     15018,   8288,   8368,  14208,   7744
     15078,   8160,   7872,  14160,   8288
     15138,   8144,   8336,  14272,   7984
     15203,   8192,   8368,  14208,   7664
     15263,   8320,   7936,  14176,   8096
     15323,   8176,   8208,  14240,   7984
     15383,   8336,   8320,  14208,   7776
     15443,   8176,   8000,  14176,   8240
     15503,   8256,   8208,  14224,   7792
     15563,   8176,   8048,  14208,   8240
     15623,   8208,   8048,  14240,   7952
     15683,   8160,   8240,  14192,   7968
     15743,   8192,   8512,  14272,   7680
     15803,   8240,   7856,  14224,   8224
     15868,   8288,   8224,  14176,   8000
     15928,   8224,   8272,  14176,   7792
     15988,   8160,   7904,  14208,   8288
     16048,   8112,   8192,  14176,   8016
     16108,   8192,   8608,  14240,   7632
     16168,   8144,   7952,  14176,   8064
     16228,   8224,   8320,  14240,   7968
     16288,   8240,   7968,  14176,   7968
     16348,   8208,   8240,  14208,   8048
     16408,   8240,   8192,  14224,   7888
     16468,   8224,   7952,  14144,   8208
     16528,   8160,   8080,  14192,   7952
     16593,   8224,   8240,  14208,   7936
     16653,   8176,   8480,  14160,   7664
     16713,   8224,   7872,  14208,   8272
     16773,   8240,   8656,  14192,   7616
     16833,   8192,   7968,  14176,   8048
     16893,   8208,   8096,  14224,   8176
     16953,   8192,   8496,  14144,   7664
     17013,   8160,   7952,  14176,   8016
     17073,   8240,   7952,  14128,   8336
     17133,   8192,   8496,  14192,   7712
     17193,   8176,   7952,  14160,   8144
     17253,   8192,   8000,  14144,   8144
     17318,   8240,   8256,  14176,   7792
     17378,   8272,   7904,  14160,   8368
     17438,   8192,   8496,  14144,   7664
     17498,   8224,   7904,  14208,   8288
     17558,   8240,   8624,  14160,   7600
     17618,   8240,   7856,  14192,   8256
     17678,   8224,   8464,  14208,   7680
     17738,   8160,   7872,  14176,   8288
     17798,   8240,   8256,  14208,   7984
     17858,   8256,   8352,  14176,   7744
     17918,   8160,   7920,  14208,   8288
     17983,   8224,   8160,  14224,   7856
     18043,   8240,   7920,  14176,   8368
     18103,   8192,   8432,  14224,   7712
     18163,   8224,   7904,  14192,   8304
     18223,   8240,   8672,  14208,   7632
     18283,   8192,   7872,  14224,   8176
     18343,   8288,   8544,  14192,   7664
     18403,   8192,   7856,  14224,   8336
     18463,   8320,   8416,  14192,   7776
     18523,   8208,   8176,  14160,   7904
     18583,   8272,   8016,  14240,   8224
     18643,   8176,   8672,  14224,   7632
     18708,   8176,   8144,  14224,   7776
     18768,   8144,   8320,  14224,   7888
     18828,   8240,   8016,  14208,   8128
     18888,   8192,   8384,  14240,   7904
     18948,   8272,   8656,  14224,   7616
     19008,   8160,   7904,  14160,   8176
     19068,   8240,   8272,  14176,   8016
     19128,   8192,   8176,  14176,   7792
     19188,   8224,   7936,  14224,   8368
     19248,   8128,   8512,  14192,   7680
     19308,   8208,   8064,  14208,   8048
     19368,   8240,   8256,  14208,   7984
     19433,   8240,   8544,  14208,   7856
     19493,   8192,   7920,  14192,   8272
     19553,   8256,   8592,  14176,   7600
     19613,   8176,   7936,  14176,   8272
     19673,   8272,   8656,  14192,   7616
     19733,   8128,   8032,  14160,   8208
     19793,   8208,   8560,  14208,   7632
     19853,   8224,   7920,  14176,   8336
     19913,   8224,   8528,  14192,   7728
     19973,   8224,   7952,  14224,   8272
     20033,   8256,   8448,  14144,   7712
     20098,   8144,   8128,  14192,   7760
     20158,   8192,   7936,  14192,   8240
     20218,   8160,   8672,  14160,   7600
     20278,   8144,   8048,  14240,   8192
     20338,   8208,   8176,  14192,   7824
     20398,   8160,   8208,  14176,   8032
     20458,   8176,   8192,  14224,   7968
     20518,   8256,   8608,  14096,   7712
     20578,   8160,   7952,  14176,   8240
     20638,   8240,   8400,  14144,   7680
     20698,   8224,   8112,  14208,   8256
     20758,   8224,   8064,  14128,   8064
     20823,   8256,   8592,  14208,   7728
     20883,   8208,   8080,  14192,   7888
     20943,   8256,   8224,  14240,   8160
     21003,   8288,   8480,  14112,   7648
     21063,   8176,   8048,  14192,   8176
     21123,   8272,   8704,  14144,   7584
     21183,   8208,   7952,  14176,   8224
     21243,   8224,   8208,  14144,   7840
     21303,   8256,   8560,  14144,   7648
     21363,   8192,   8080,  14176,   8112
     21423,   8224,   8000,  14144,   8096
     21488,   8208,   8496,  14128,   7904
     21548,   8128,   8288,  14192,   7968
     21608,   8208,   7936,  14128,   8240
     21668,   8192,   7968,  14160,   8144
     21728,   8176,   8128,  14160,   7968
     21788,   8256,   8448,  14176,   7744
     21848,   8224,   8560,  14208,   7824
     21908,   8256,   7984,  14160,   8368
     21968,   8176,   8128,  14192,   7984
     22028,   8256,   8688,  14224,   7648
     22088,   8192,   7952,  14208,   8256
     22148,   8176,   8304,  14224,   7728
     22213,   8240,   8336,  14176,   7648
     22273,   8208,   8064,  14144,   8032
     22333,   8240,   8624,  14176,   7680
     22393,   8240,   7936,  14128,   8368
     22453,   8208,   8336,  14176,   7776
     22513,   8320,   8688,  14192,   7632
     22573,   8224,   8592,  14176,   7728
     22633,   8240,   8272,  14288,   8000
     22693,   8144,   7968,  14176,   8304
     22753,   8128,   8240,  14256,   7872
     22813,   8176,   8544,  14208,   7840
     22873,   8192,   7984,  14240,   8384
     22938,   8144,   7952,  14240,   8208
     22998,   8288,   7984,  14208,   8208
     23058,   8176,   8448,  14208,   7728
     23118,   8256,   8704,  14272,   7664
     23178,   8160,   8160,  14192,   8160
     23238,   8192,   7936,  14272,   8352
     23298,   8208,   8288,  14208,   7856
     23358,   8208,   8720,  14256,   7632
     23418,   8240,   8640,  14240,   7648
     23478,   8240,   8560,  14176,   7696
     23538,   8192,   8016,  14224,   8272
     23602,   8176,   8080,  14256,   8240
     23663,   8144,   8592,  14192,   7664
     23723,   8208,   7952,  14224,   8256
     23783,   8144,   8736,  14192,   7616
     23843,   8208,   8448,  14256,   7920
     23903,   8240,   7952,  14176,   8336
     23963,   8224,   8576,  14192,   7664
     24023,   8208,   8432,  14192,   7888
     24083,   8192,   8144,  14128,   8128
     24143,   8224,   7984,  14192,   8352
     24203,   8240,   8272,  14176,   7856
     24263,   8240,   8720,  14192,   7584
     24328,   8224,   8336,  14144,   7696
     24388,   8288,   8048,  14144,   8224
     24448,   8272,   8000,  14208,   8208
     24508,   8240,   8000,  14128,   8128
     24568,   8208,   8160,  14208,   8032
     24628,   8272,   7984,  14208,   8240
     24688,   8176,   8096,  14224,   8304
     24748,   8256,   8048,  14224,   8192
     24808,   8192,   7968,  14176,   8240
     24868,   8176,   8160,  14224,   7856
     24928,   8176,   8576,  14224,   7680
     24988,   8224,   8752,  14224,   7584
     25053,   8176,   8576,  14224,   7680
     25113,   8304,   8656,  14224,   7712
     25173,   8208,   8656,  14192,   7648
     25233,   8272,   8576,  14256,   7680
     25293,   8208,   8336,  14144,   7792
     25353,   8144,   8064,  14256,   8016
     25413,   8208,   8144,  14192,   8064
     25473,   8192,   8112,  14240,   7984
     25533,   8256,   7984,  14224,   8256
     25593,   8160,   7984,  14176,   8240
     25653,   8128,   8048,  14224,   8224
     25718,   8256,   8320,  14224,   7888
     25778,   8160,   8048,  14192,   8224
     25838,   8240,   7984,  14224,   8336
     25898,   8160,   8080,  14176,   8144
     25958,   8224,   8016,  14224,   8192
     26018,   8288,   7984,  14144,   8288
     26078,   8208,   8096,  14192,   8192
     26138,   8208,   8208,  14176,   7936
     26198,   8160,   8112,  14160,   7936
     26258,   8256,   8048,  14160,   8144
     26318,   8224,   8048,  14176,   8096
     26378,   8240,   8064,  14192,   8144
     26443,   8240,   8160,  14160,   7872
     26503,   8256,   8544,  14128,   7680
     26563,   8224,   8512,  14176,   7792
     26623,   8240,   8448,  14128,   7792
     26683,   8144,   8368,  14208,   8000
     26743,   8304,   8432,  14208,   7856
     26803,   8176,   8576,  14224,   7712
     26863,   8272,   8624,  14208,   7600
     26923,   8128,   8400,  14160,   7792
     26983,   8128,   8288,  14224,   7888
     27043,   8176,   8176,  14224,   7936
     27103,   8192,   8384,  14224,   7808
     27168,   8192,   8160,  14240,   8272
     27228,   8288,   8240,  14224,   7952
     27288,   8208,   8192,  14192,   7952
     27348,   8224,   8080,  14224,   8064
     27408,   8160,   8064,  14176,   8192
     27468,   8192,   8128,  14240,   8000
     27528,   8176,   8000,  14144,   8208
     27588,   8224,   8016,  14224,   8256
     27648,   8208,   8048,  14176,   8208
     27708,   8240,   8272,  14192,   8128
     27768,   8240,   8768,  14176,   7600
     27833,   8256,   8672,  14144,   7808
     27893,   8160,   8592,  14208,   7680
     27953,   8240,   8432,  14128,   7728
     28013,   8176,   8544,  14176,   7680
     28073,   8240,   8336,  14160,   7824
     28133,   8272,   8032,  14144,   8320
     28193,   8208,   8336,  14208,   7984
     28253,   8272,   8608,  14128,   7664
     28313,   8176,   8112,  14224,   8128
     28373,   8304,   8064,  14208,   8240
     28433,   8192,   8416,  14192,   7920
     28493,   8256,   8720,  14272,   7632
     28558,   8288,   8064,  14160,   8144
     28618,   8192,   8176,  14192,   8000
     28678,   8192,   8048,  14224,   8352
     28738,   8272,   8720,  14192,   7648
     28798,   8240,   8192,  14208,   7872
     28858,   8256,   8096,  14208,   8160
     28918,   8208,   8064,  14224,   8256
     28978,   8208,   8432,  14160,   7920
     29038,   8112,   8800,  14192,   7616
     29098,   8256,   8432,  14176,   7696
     29158,   8160,   8064,  14192,   8144
     29223,   8192,   8288,  14272,   7968
     29283,   8192,   8592,  14208,   7696
     29343,   8176,   8240,  14208,   8144
     29403,   8224,   8800,  14208,   7584
     29463,   8176,   8000,  14128,   8144
     29523,   8192,   8560,  14192,   7728
     29583,   8256,   8048,  14144,   8096
     29643,   8208,   8096,  14208,   8224
     29703,   8288,   8704,  14176,   7648
     29763,   8208,   8080,  14160,   8192
     29823,   8160,   8304,  14208,   8016
     29883,   8176,   8608,  14224,   7680
     29948,   8144,   8032,  14224,   8400
     30008,   8320,   8144,  14224,   8192
     30068,   8160,   8688,  14192,   7696
     30128,   8224,   8464,  14240,   7776
     30188,   8112,   8032,  14176,   8272
     30248,   8192,   8672,  14240,   7632
     30308,   8144,   8160,  14208,   8000
     30368,   8208,   8080,  14240,   8336
     30428,   8240,   8800,  14192,   7568
     30488,   8208,   8048,  14160,   8256
     30548,   8272,   8160,  14176,   8144
     30608,   8160,   8704,  14144,   7696
     30673,   8144,   8096,  14176,   8256
     30733,   8208,   8192,  14144,   8192
     30793,   8208,   8864,  14176,   7552
     30853,   8272,   8048,  14160,   8256
     30913,   8224,   8736,  14128,   7632
     30973,   8272,   8160,  14176,   7968
     31033,   8256,   8064,  14144,   8240
     31093,   8128,   8368,  14240,   8032
     31153,   8272,   8656,  14208,   7696
     31213,   8224,   8480,  14192,   7744
     31273,   8272,   8080,  14240,   8336
     31338,   8160,   8384,  14128,   7696
     31398,   8160,   8048,  14272,   8160
     31458,   8160,   8304,  14208,   8080
     31518,   8176,   8640,  14256,   7648
     31578,   8272,   8320,  14224,   7872
     31638,   8176,   8000,  14176,   8352
     31698,   8192,   8160,  14176,   8144
     31758,   8208,   8704,  14128,   7648
     31818,   8240,   8048,  14192,   8304
     31878,   8224,   8704,  14224,   7664
     31938,   8240,   8128,  14208,   8192
     31998,   8208,   8704,  14176,   7648
     32063,   8160,   8032,  14128,   8240
     32123,   8160,   8496,  14208,   7872
     32183,   8272,   8448,  14192,   7792
     32243,   8192,   8096,  14224,   8368
     32303,   8208,   8624,  14208,   7712
     32363,   8160,   8368,  14240,   7968
     32423,   8192,   8064,  14160,   8240
     32483,   8160,   8528,  14208,   7760
     32543,   8256,   8336,  14128,   8016
     32603,   8240,   8096,  14192,   8192
     32663,   8224,   8304,  14176,   7840
     32723,   8176,   8736,  14144,   7632
     32788,   8224,   8784,  14192,   7632
     32848,   8240,   8016,  14112,   8368
     32908,   8192,   8368,  14240,   7856
     32968,   8304,   8640,  14208,   7648
     33028,   8160,   8128,  14176,   8224
     33088,   8192,   8320,  14240,   7936
     33148,   8176,   8720,  14192,   7664
     33208,   8192,   8048,  14208,   8256
     33268,   8176,   8496,  14192,   7712
     33328,   8208,   8208,  14208,   8112
     33388,   8208,   8192,  14192,   7984
     33453,   8208,   8192,  14176,   8016
     33513,   8160,   8800,  14208,   7600
     33573,   8176,   7984,  14112,   8320
     33633,   8208,   8624,  14176,   7712
     33693,   8256,   8016,  14192,   8240
     33753,   8256,   8736,  14208,   7648
     33813,   8176,   8288,  14192,   8096
     33873,   8160,   8112,  14272,   8096
     33933,   8176,   8624,  14224,   7680
     33993,   8160,   8048,  14272,   8208
     34053,   8192,   8464,  14208,   7840
     34113,   8208,   8544,  14192,   7760
     34178,   8192,   8320,  14192,   7936
     34238,   8192,   8464,  14176,   7904
     34298,   8096,   8496,  14192,   7776
     34358,   8272,   8144,  14128,   8208
     34418,   8256,   8368,  14160,   7856
     34478,   8240,   8704,  14176,   7664
     34538,   8240,   8176,  14160,   8064
     34598,   8176,   8304,  14192,   7840
     34658,   8304,   8640,  14192,   7744
     34718,   8176,   8192,  14224,   7968
     34778,   8288,   8144,  14192,   8192
     34838,   8224,   8496,  14192,   7712
     34902,   8240,   8240,  14256,   8048
     34963,   8160,   8720,  14224,   7616
     35023,   8176,   8032,  14240,   8192
     35083,   8176,   8720,  14176,   7600
     35143,   8176,   8080,  14192,   8240
     35203,   8288,   8720,  14144,   7616
     35263,   8240,   8384,  14160,   7808
     35323,   8304,   8624,  14160,   7728
     35383,   8208,   8080,  14224,   8176
     35443,   8320,   8736,  14176,   7584
     35503,   8160,   8096,  14176,   8208
     35568,   8240,   8256,  14208,   8160
     35628,   8240,   8640,  14192,   7680
     35688,   8240,   8064,  14176,   8176
     35748,   8240,   8528,  14208,   7712
     35808,   8256,   8608,  14192,   7856
     35868,   8240,   8128,  14192,   8224
     35928,   8256,   8640,  14176,   7616
     35988,   8176,   8320,  14176,   7952
     36048,   8272,   8096,  14176,   8336
     36108,   8144,   8736,  14160,   7632
     36168,   8240,   8416,  14160,   7920
     36228,   8224,   8112,  14160,   8144
     36293,   8224,   8208,  14208,   8032
     36353,   8240,   8720,  14208,   7648
     36413,   8160,   8448,  14192,   7920
     36473,   8224,   8144,  14160,   8192
     36533,   8208,   8224,  14128,   7936
     36593,   8240,   8768,  14176,   7600
     36653,   8288,   8704,  14176,   7632
     36713,   8240,   8080,  14240,   8256
     36773,   8224,   8400,  14192,   7888
     36833,   8192,   8864,  14304,   7536
     36893,   8144,   8272,  14208,   7968
     36958,   8208,   8192,  14224,   7968
     37018,   8192,   8288,  14224,   7904
     37078,   8208,   8880,  14208,   7568
     37138,   8144,   8160,  14160,   8176
     37198,   8240,   8496,  14144,   7808
     37258,   8272,   8368,  14208,   8000
     37318,   8240,   8048,  14208,   8208
     37378,   8208,   8608,  14256,   7696
     37438,   8176,   8528,  14208,   7920
     37498,   8208,   8192,  14240,   8192
     37558,   8208,   8368,  14144,   7840
     37618,   8256,   8944,  14176,   7504
     37683,   8288,   8944,  14192,   7536
     37743,   8192,   8656,  14176,   7664
     37803,   8208,   8336,  14176,   7952
     37863,   8272,   8192,  14160,   8192
     37923,   8304,   8160,  14192,   8208
     37983,   8256,   8592,  14160,   7664
     38043,   8272,   8768,  14208,   7600
     38103,   8208,   8288,  14176,   8064
     38163,   8176,   8096,  14304,   8240
     38223,   8208,   8464,  14208,   7760
     38283,   8224,   8832,  14240,   7600
     38343,   8192,   8480,  14192,   7840
     38408,   8208,   8464,  14176,   7664
     38468,   8192,   8096,  14240,   8256
     38528,   8224,   8208,  14128,   8080
     38588,   8208,   8672,  14192,   7664
     38648,   8256,   8640,  14160,   7696
     38708,   8256,   8192,  14160,   8240
     38768,   8272,   8032,  14160,   8208
     38828,   8176,   8512,  14224,   7744
     38888,   8160,   8384,  14224,   7984
     38948,   8160,   8048,  14240,   8272
     39008,   8240,   8576,  14176,   7696
     39073,   8176,   8592,  14224,   7632
     39133,   8128,   8816,  14240,   7600
     39193,   8240,   8400,  14144,   8016
     39253,   8208,   8048,  14192,   8240
     39313,   8272,   8096,  14208,   8256
     39373,   8256,   8288,  14240,   7872
     39433,   8160,   8752,  14160,   7664
     39493,   8144,   8688,  14320,   7664
     39553,   8160,   8720,  14192,   7664
     39613,   8208,   8768,  14192,   7632
     39673,   8224,   8288,  14160,   8064
     39733,   8224,   8192,  14176,   8176
     39798,   8176,   8256,  14176,   8080
     39858,   8176,   8096,  14128,   8224
     39918,   8256,   8000,  14176,   8320
     39978,   8208,   8064,  14192,   8128
     40038,   8256,   8304,  14240,   8000
     40098,   8144,   8368,  14176,   7840
     40158,   8176,   8640,  14304,   7744
     40218,   8192,   8640,  14192,   7680
     40278,   8192,   8560,  14224,   7696
     40338,   8272,   8640,  14160,   7696
     40398,   8192,   8496,  14176,   7824
     40458,   8272,   8208,  14128,   8000
     40523,   8208,   8032,  14112,   8368
     40583,   8240,   8032,  14176,   8240
     40643,   8256,   8080,  14144,   8272
     40703,   8256,   8400,  14192,   7888
     40763,   8192,   8784,  14176,   7664
     40823,   8176,   8448,  14288,   7968
     40883,   8160,   8144,  14208,   8192
     40943,   8160,   8080,  14256,   8288
     41003,   8224,   8096,  14208,   8160
     41063,   8208,   8336,  14160,   7936
     41123,   8240,   8592,  14128,   7728
     41188,   8240,   8224,  14128,   8096
     41248,   8224,   8528,  14208,   7744
     41308,   8304,   8768,  14144,   7648
     41368,   8224,   8672,  14208,   7648
     41428,   8208,   8736,  14176,   7648
     41488,   8144,   8720,  14256,   7664
     41548,   8176,   8448,  14208,   7968
     41608,   8144,   8448,  14256,   7952
     41668,   8240,   8528,  14208,   7824
     41728,   8208,   8640,  14192,   7680
     41788,   8240,   8656,  14160,   7648
     41848,   8224,   8784,  14160,   7632
     41913,   8208,   8592,  14208,   7696
     41973,   8304,   8640,  14192,   7696
     42033,   8240,   8208,  14192,   8000
     42093,   8224,   8192,  14176,   8032
     42153,   8192,   8128,  14208,   8144
     42213,   8144,   8016,  14208,   8336
     42273,   8192,   8032,  14256,   8208
     42333,   8224,   8288,  14208,   8016
     42393,   8192,   8208,  14176,   8064
     42453,   8192,   8160,  14256,   8080
     42513,   8176,   8064,  14128,   8304
     42573,   8160,   8096,  14176,   8352
     42638,   8224,   8416,  14144,   7632
     42698,   8176,   8752,  14208,   7664
     42758,   8224,   8336,  14176,   7952
     42818,   8192,   8256,  14144,   8048
     42878,   8192,   8704,  14192,   7616
     42938,   8272,   8256,  14160,   7936
     42998,   8192,   8304,  14256,   7968
     43058,   8288,   8080,  14208,   8256
     43118,   8160,   8720,  14192,   7632
     43178,   8224,   8096,  14160,   8192
     43238,   8176,   8336,  14224,   8096
     43303,   8160,   8384,  14288,   7904
     43363,   8176,   8160,  14160,   8112
     43423,   8224,   8176,  14192,   8128
     43483,   8288,   8064,  14128,   8352
     43543,   8176,   8368,  14176,   8032
     43603,   8304,   8320,  14128,   8000
     43663,   8176,   8208,  14240,   8240
     43723,   8256,   8128,  14224,   8208
     43783,   8176,   8112,  14176,   8304
     43843,   8208,   8048,  14208,   8368
     43903,   8112,   8080,  14192,   8144
     43963,   8256,   8192,  14144,   8160
     44028,   8144,   8112,  14176,   8208
     44088,   8208,   8144,  14224,   8144
     44148,   8256,   8224,  14160,   8000
     44208,   8240,   8560,  14144,   7744
     44268,   8224,   8752,  14144,   7664
     44328,   8176,   8608,  14208,   7760
     44388,   8288,   8256,  14224,   8208
     44448,   8192,   8064,  14224,   8240
     44508,   8272,   8096,  14240,   8304
     44568,   8176,   8064,  14176,   8224
     44628,   8144,   8384,  14288,   7904
     44693,   8208,   8176,  14208,   8096
     44753,   8256,   8688,  14192,   7616
     44813,   8192,   8336,  14240,   8096
     44873,   8256,   8080,  14208,   8304
     44933,   8192,   8128,  14192,   8192
     44993,   8256,   8560,  14208,   7760
     45053,   8160,   8704,  14192,   7632
     45113,   8208,   8768,  14240,   7680
     45173,   8176,   8704,  14176,   7696
     45233,   8192,   8640,  14208,   7744
     45293,   8256,   8736,  14176,   7648
     45353,   8192,   8656,  14176,   7712
     45418,   8208,   8080,  14224,   8240
     45478,   8208,   8112,  14112,   8224
     45538,   8192,   8048,  14176,   8352
     45598,   8240,   8352,  14144,   7968
     45658,   8208,   8720,  14192,   7648
     45718,   8208,   8752,  14160,   7712
     45778,   8192,   8608,  14160,   7760
     45838,   8160,   8128,  14208,   8336
     45898,   8288,   8080,  14192,   8256
     45958,   8176,   8224,  14240,   8112
     46018,   8304,   8144,  14208,   8144
     46078,   8208,   8192,  14144,   8048
     46142,   8208,   8080,  14240,   8240
     46203,   8176,   8096,  14176,   8288
     46263,   8176,   8096,  14256,   8352
     46323,   8176,   8080,  14176,   8256
     46383,   8160,   8352,  14272,   7984
     46443,   8224,   8368,  14224,   7872
     46503,   8176,   8496,  14176,   7808
     46563,   8224,   8336,  14224,   8016
     46623,   8192,   8064,  14128,   8272
     46683,   8144,   8384,  14192,   8000
     46743,   8256,   8464,  14128,   7840
     46808,   8192,   8768,  14208,   7664
     46868,   8224,   8544,  14304,   7872
     46928,   8256,   8768,  14208,   7648
     46988,   8208,   8496,  14160,   7904
     47048,   8192,   8704,  14240,   7680
     47108,   8192,   8800,  14128,   7632
     47168,   8144,   8544,  14208,   7856
     47228,   8256,   8368,  14160,   8080
     47288,   8160,   8128,  14176,   8240
     47348,   8208,   8128,  14176,   8272
     47408,   8256,   8192,  14176,   8032
     47468,   8192,   8560,  14208,   7792
     47533,   8176,   8160,  14208,   8144
     47593,   8224,   8224,  14128,   8192
     47653,   8160,   8048,  14176,   8352
     47713,   8272,   8080,  14112,   8272
     47773,   8192,   8272,  14192,   7952
     47833,   8224,   8224,  14144,   8256
     47893,   8192,   8320,  14144,   8096
     47953,   8224,   8272,  14208,   8128
     48013,   8272,   8096,  14112,   8336
     48073,   8144,   8096,  14192,   8272
     48133,   8256,   8176,  14192,   8160
     48193,   8192,   8256,  14192,   8144
     48258,   8192,   8608,  14192,   7728
     48318,   8208,   8576,  14208,   7904
     48378,   8192,   8720,  14160,   7664
     48438,   8176,   8624,  14208,   7808
     48498,   8208,   8464,  14208,   7920
     48558,   8160,   8480,  14128,   7856
     48618,   8224,   8432,  14192,   7936
     48678,   8240,   8208,  14144,   8176
     48738,   8208,   8112,  14176,   8240
     48798,   8208,   8128,  14128,   8176
     48858,   8224,   8256,  14112,   7984
     48923,   8160,   8112,  14160,   8192
     48983,   8192,   8208,  14208,   8160
     49043,   8176,   8112,  14112,   8224
     49103,   8208,   8128,  14208,   8176
     49163,   8256,   8128,  14128,   8208
     49223,   8160,   8176,  14160,   8080
     49283,   8256,   8176,  14128,   8048
     49343,   8224,   8128,  14144,   8240
     49403,   8192,   8096,  14176,   8208
     49463,   8224,   8128,  14144,   8128
     49523,   8192,   8096,  14144,   8256
     49583,   8256,   8064,  14176,   8352
     49648,   8256,   8288,  14144,   8032
     49708,   8160,   8224,  14176,   8080
     49768,   8192,   8112,  14160,   8176
     49828,   8192,   8176,  14160,   8144
     49888,   8208,   8224,  14192,   8112
     49948,   8224,   8640,  14144,   7664
     50008,   8192,   8720,  14176,   7648
     50068,   8176,   8160,  14192,   8112
     50128,   8208,   8096,  14192,   8144
     50188,   8208,   8096,  14176,   8288
     50248,   8176,   8080,  14176,   8352
     50308,   8176,   8288,  14128,   8112
     50373,   8176,   8464,  14160,   7632
     50433,   8192,   8768,  14192,   7648
     50493,   8192,   8672,  14160,   7664
     50553,   8208,   8752,  14224,   7680
     50613,   8224,   8864,  14176,   7584
     50673,   8176,   8656,  14208,   7648
     50733,   8240,   8736,  14176,   7664
     50793,   8192,   8752,  14160,   7680
     50853,   8208,   8208,  14160,   8112
     50913,   8256,   8048,  14160,   8304
     50973,   8176,   8320,  14224,   8080
     51038,   8224,   8752,  14208,   7760
     51098,   8256,   8704,  14176,   7696
     51158,   8208,   8144,  14192,   8176
     51218,   8224,   8176,  14128,   8272
     51278,   8192,   8640,  14144,   7744
     51338,   8192,   8192,  14176,   8064
     51398,   8192,   8064,  14144,   8256
     51458,   8144,   8032,  14208,   8352
     51518,   8240,   8192,  14224,   8192
     51578,   8160,   8576,  14192,   7744
     51638,   8224,   8608,  14240,   7712
     51698,   8192,   8544,  14192,   7712
     51763,   8224,   8128,  14176,   8224
     51823,   8208,   8384,  14208,   7904
     51883,   8192,   8688,  14176,   7696
     51943,   8192,   8688,  14176,   7664
     52003,   8224,   8128,  14176,   8112
     52063,   8208,   8080,  14160,   8240
     52123,   8176,   8608,  14208,   7712
     52183,   8240,   8400,  14160,   7904
     52243,   8176,   8064,  14144,   8400
     52303,   8208,   8656,  14192,   7744
     52363,   8240,   8432,  14128,   7872
     52428,   8192,   8752,  14128,   7680
     52488,   8224,   8736,  14176,   7680
     52548,   8192,   8160,  14160,   8192
     52608,   8208,   8128,  14176,   8304
     52668,   8192,   8592,  14176,   7792
     52728,   8224,   8560,  14144,   7792
     52788,   8224,   8288,  14176,   7984
     52848,   8208,   8400,  14144,   7904
     52908,   8224,   8336,  14192,   8032
     52968,   8272,   8496,  14208,   7792
     53028,   8208,   8112,  14208,   8240
     53088,   8256,   8832,  14208,   7600
     53153,   8208,   8160,  14160,   8192
     53213,   8240,   8416,  14176,   7792
     53273,   8176,   8656,  14192,   7744
     53333,   8224,   8576,  14208,   7728
     53393,   8208,   8160,  14144,   8112
     53453,   8208,   8192,  14192,   8208
     53513,   8192,   8736,  14160,   7632
     53573,   8160,   8064,  14176,   8320
     53633,   8256,   8560,  14144,   7872
     53693,   8176,   8816,  14144,   7600
     53753,   8208,   8272,  14176,   8032
     53813,   8176,   8192,  14144,   8256
     53878,   8240,   8736,  14112,   7824
     53938,   8160,   8464,  14208,   7792
     53998,   8240,   8224,  14144,   8032
     54058,   8208,   8096,  14176,   8256
     54118,   8224,   8224,  14160,   8272
     54178,   8240,   8704,  14144,   7728
     54238,   8208,   8768,  14208,   7680
     54298,   8224,   8224,  14160,   8064
     54358,   8192,   8144,  14144,   8320
     54418,   8208,   8416,  14192,   7968
     54478,   8192,   8752,  14208,   7632
     54543,   8192,   8512,  14176,   7744
     54603,   8224,   8176,  14160,   8192
     54663,   8192,   8192,  14144,   8288
     54723,   8224,   8800,  14192,   7648
     54783,   8256,   8560,  14112,   7792
     54843,   8192,   8208,  14176,   8144
     54903,   8272,   8080,  14176,   8352
     54963,   8224,   8496,  14208,   7888
     55023,   8208,   8864,  14240,   7584
     55083,   8224,   8736,  14176,   7632
     55143,   8240,   8304,  14208,   7920
     55203,   8208,   8144,  14224,   8160
     55268,   8224,   8624,  14128,   7728
     55328,   8160,   8848,  14192,   7600
     55388,   8256,   8768,  14192,   7632
     55448,   8224,   8352,  14208,   7872
     55508,   8272,   8192,  14208,   8080
     55568,   8192,   8128,  14160,   8272
     55628,   8224,   8288,  14160,   8224
     55688,   8176,   8800,  14224,   7696
     55748,   8336,   8656,  14176,   7728
     55808,   8192,   8352,  14240,   7984
     55868,   8304,   8096,  14176,   8320
     55928,   8208,   8688,  14160,   7728
     55993,   8256,   8112,  14224,   8304
     56053,   8224,   8112,  14176,   8224
     56113,   8224,   8640,  14240,   7792
     56173,   8144,   8768,  14224,   7664
     56233,   8256,   8352,  14240,   7904
     56293,   8224,   8176,  14208,   8256
     56353,   8256,   8912,  14208,   7616
     56413,   8240,   8352,  14160,   7984
     56473,   8304,   8336,  14160,   8192
     56533,   8176,   8864,  14160,   7568
     56593,   8272,   8288,  14144,   8016
     56670,   8272,   8384,  14176,   8080
     56730,   8272,   8944,  14128,   7472
     56790,   8240,   8496,  14144,   8096
     56850,   8320,   8480,  14176,   7600
     56910,   8288,   8912,  14208,   7712
     56970,   8288,   8304,  14208,   7840
     57030,   8240,   8752,  14176,   7968
     57090,   8192,   8368,  14224,   7632
     57150,   8192,   8528,  14240,   8160
     57210,   8240,   8624,  14192,   7888
     57270,   8240,   8560,  14192,   7680
     57330,   8240,   8720,  14192,   7504
     57394,   8208,   8256,  14160,   8000
     57455,   8320,   8752,  14208,   7584
     57515,   8144,   8480,  14176,   7904
     57575,   8224,   8304,  14224,   7984
     57635,   8144,   8688,  14208,   7712
     57695,   8224,   8304,  14224,   8048
     57755,   8256,   8592,  14160,   7792
     57815,   8240,   8128,  14144,   8176
     57875,   8256,   8528,  14192,   7856
     57935,   8160,   8544,  14160,   7904
     57995,   8208,   8224,  14192,   8160
     58055,   8208,   8096,  14176,   8240
     58120,   8176,   8368,  14160,   7984
     58180,   8256,   8160,  14176,   8112
     58240,   8240,   8784,  14144,   7664
     58300,   8160,   8272,  14192,   8096
     58360,   8288,   8176,  14192,   8080
     58420,   8176,   8816,  14240,   7680
     58480,   8240,   8560,  14208,   7776
     58540,   8176,   8112,  14192,   8288
     58600,   8256,   8704,  14192,   7696
     58660,   8144,   8368,  14208,   8096
     58720,   8224,   8144,  14144,   8176
     58785,   8144,   8400,  14176,   7920
     58845,   8160,   8640,  14224,   7744
     58905,   8240,   8208,  14192,   8272
     58965,   8176,   8144,  14192,   8288
     59025,   8208,   8432,  14160,   7856
     59085,   8176,   8768,  14160,   7632
     59145,   8272,   8160,  14192,   8240
     59205,   8240,   8192,  14208,   8096
     59265,   8288,   8832,  14224,   7664
     59325,   8144,   8432,  14192,   7888
     59385,   8160,   8112,  14272,   8288
     59445,   8192,   8528,  14176,   7824
     59510,   8192,   8832,  14240,   7632
     59570,   8192,   8432,  14240,   7952
     59630,   8192,   8432,  14192,   7872
     59690,   8160,   8224,  14224,   8144
     59750,   8240,   8256,  14112,   8096
     59810,   8208,   8672,  14208,   7744
     59870,   8240,   8656,  14176,   7728
     59930,   8192,   8144,  14192,   8368
     59990,   8256,   8368,  14176,   7904
     60050,   8192,   8592,  14208,   7872
     60110,   8208,   8192,  14192,   8112
     60175,   8272,   8704,  14176,   7904
     60235,   8112,   8416,  14224,   8016
     60295,   8288,   8112,  14192,   8240
     60355,   8192,   8224,  14176,   8064
     60415,   8208,   8912,  14240,   7600
     60475,   8160,   8704,  14208,   7728
     60535,   8240,   8144,  14176,   8224
     60595,   8208,   8288,  14144,   8016
     60655,   8208,   8640,  14176,   7760
     60715,   8240,   8192,  14144,   8336
     60775,   8208,   8192,  14160,   8112
     60835,   8240,   8752,  14144,   7728
     60900,   8224,   8352,  14176,   8016
     60960,   8256,   8320,  14208,   7904
     61020,   8176,   8816,  14208,   7664
     61080,   8224,   8544,  14272,   7920
     61140,   8176,   8144,  14224,   8192
     61200,   8192,   8560,  14224,   7840
     61260,   8192,   8736,  14176,   7712
     61320,   8240,   8864,  14176,   7600
     61380,   8192,   8672,  14144,   7680
     61440,   8208,   8176,  14192,   8192
     61500,   8208,   8304,  14208,   8032
     61560,   8144,   8736,  14224,   7680
     61625,   8288,   8880,  14224,   7616
     61685,   8160,   8288,  14192,   7984
     61745,   8176,   8176,  14192,   8160
     61805,   8144,   8624,  14192,   7760
     61865,   8256,   8656,  14144,   7680
     61925,   8256,   8352,  14144,   8032
     61985,   8240,   8064,  14176,   8368
     62045,   8176,   8112,  14208,   8192
     62105,   8176,   8448,  14208,   7808
     62165,   8176,   8432,  14256,   7856
     62225,   8192,   8480,  14224,   7808
     62290,   8208,   8096,  14160,   8160
     62350,   8176,   8160,  14240,   8224
     62410,   8256,   8128,  14112,   8288
     62470,   8256,   8560,  14208,   7792
     62530,   8224,   8704,  14192,   7632
     62590,   8256,   8496,  14256,   7936
     62650,   8144,   8112,  14176,   8368
     62710,   8160,   8064,  14256,   8352
     62770,   8144,   8160,  14160,   8224
     62830,   8176,   8672,  14192,   7680
     62890,   8240,   8752,  14176,   7712
     62950,   8224,   8672,  14208,   7792
     63015,   8176,   8752,  14192,   7648
     63075,   8208,   8720,  14144,   7632
     63135,   8272,   8576,  14160,   7776
     63195,   8272,   8464,  14208,   7888
     63255,   8240,   8464,  14240,   7904
     63315,   8128,   8192,  14208,   8176
     63375,   8176,   8112,  14224,   8272
     63435,   8128,   8256,  14176,   8112
     63495,   8240,   8400,  14144,   7920
     63555,   8224,   8672,  14128,   7728
     63615,   8240,   8736,  14176,   7648
     63675,   8240,   8784,  14224,   7632
     63740,   8208,   8528,  14176,   8080
     63800,   8256,   8720,  14208,   7728
     63860,   8176,   8512,  14240,   7840
     63920,   8192,   8400,  14160,   7968
     63980,   8176,   8112,  14176,   8224
     64040,   8272,   8144,  14176,   8208
     64100,   8256,   8320,  14256,   8064
     64160,   8176,   8256,  14192,   8112
     64220,   8176,   8112,  14272,   8272
     64280,   8176,   8160,  14192,   8192
     64340,   8208,   8256,  14192,   8064
     64405,   8208,   8256,  14176,   8176
     64465,   8224,   8112,  14160,   8368
     64525,   8272,   8240,  14128,   8096
     64585,   8192,   8336,  14192,   7952
     64645,   8288,   8656,  14192,   7712
     64705,   8160,   8688,  14208,   7808
     64765,   8240,   8160,  14192,   8240
     64825,   8112,   8384,  14240,   7952
     64885,   8240,   8832,  14128,   7648
     64945,   8192,   8640,  14144,   7776
     65005,   8256,   8192,  14176,   8160
     65065,   8224,   8144,  14160,   8240
     65130,   8192,   8784,  14160,   7632
     65190,   8272,   8768,  14128,   7632
     65250,   8144,   8704,  14288,   7696
     65310,   8304,   8752,  14224,   7632
     65370,   8128,   8752,  14208,   7632
     65430,   8224,   8688,  14208,   7696
     65490,   8112,   8448,  14208,   8016
     65550,   8224,   8208,  14112,   8320
     65610,   8240,   8096,  14192,   8304
     65670,   8288,   8320,  14160,   8000
     65730,   8240,   8480,  14144,   7808
     65790,   8224,   8816,  14224,   7648
     65855,   8256,   8688,  14176,   7744
     65915,   8128,   8560,  14224,   7888
     65975,   8224,   8336,  14192,   8080
     66035,   8144,   8176,  14288,   8368
     66095,   8208,   8128,  14128,   8320
     66155,   8144,   8176,  14224,   8224
     66215,   8288,   8272,  14160,   8016
     66275,   8192,   8480,  14160,   7872
     66335,   8272,   8704,  14160,   7712
     66395,   8192,   8464,  14176,   7872
     66455,   8208,   8320,  14208,   7984
     66520,   8304,   8352,  14144,   8048
     66580,   8128,   8560,  14256,   7792
     66640,   8240,   8944,  14208,   7600
     66700,   8160,   8496,  14208,   7904
     66760,   8240,   8208,  14192,   8128
     66820,   8112,   8352,  14224,   8048
     66880,   8224,   8640,  14176,   7808
     66940,   8192,   8960,  14176,   7600
     67000,   8192,   8800,  14160,   7664
     67060,   8256,   8576,  14128,   7792
     67120,   8192,   8816,  14224,   7664
     67180,   8320,   8848,  14192,   7632
     67245,   8144,   8768,  14192,   7632
     67305,   8240,   8304,  14192,   8080
     67365,   8208,   8160,  14208,   8240
     67425,   8224,   8144,  14240,   8224
     67485,   8176,   8176,  14208,   8240
     67545,   8192,   8176,  14272,   8208
     67605,   8192,   8272,  14144,   8128
     67665,   8272,   8288,  14192,   8128
     67725,   8208,   8144,  14160,   8208
     67785,   8208,   8176,  14160,   8192
     67845,   8224,   8320,  14112,   8000
     67909,   8272,   8528,  14080,   7824
     67970,   8240,   8416,  14208,   8096
     68030,   8224,   8464,  14208,   7920
     68090,   8192,   8432,  14240,   7968
     68150,   8240,   8240,  14176,   8304
     68210,   8128,   8128,  14256,   8336
     68270,   8192,   8208,  14224,   8192
     68330,   8208,   8368,  14256,   7968
     68390,   8208,   8752,  14192,   7648
     68450,   8240,   8896,  14208,   7584
     68510,   8208,   8368,  14208,   8128
     68570,   8272,   8240,  14096,   8112
     68634,   8160,   8208,  14176,   8176
     68695,   8272,   8848,  14112,   7648
     68755,   8160,   8624,  14176,   7888
     68815,   8192,   8672,  14176,   7792
     68875,   8208,   8672,  14128,   7760
     68935,   8144,   8800,  14192,   7696
     68995,   8288,   8784,  14128,   7664
     69055,   8192,   8848,  14224,   7616
     69115,   8304,   8848,  14240,   7680
     69175,   8192,   8752,  14192,   7680
     69235,   8256,   8784,  14208,   7632
     69295,   8144,   8688,  14192,   7728
     69360,   8208,   8224,  14192,   8208
     69420,   8208,   8576,  14224,   7856
     69480,   8272,   8496,  14256,   7936
     69540,   8176,   8176,  14208,   8272
     69600,   8240,   8416,  14224,   7968
     69660,   8160,   8592,  14256,   7872
     69720,   8224,   8704,  14144,   7648
     69780,   8144,   8352,  14176,   8016
     69840,   8256,   8688,  14192,   7760
     69900,   8144,   8768,  14176,   7648
     69960,   8224,   8960,  14160,   7584
     70025,   8224,   8144,  14176,   8352
     70085,   8208,   8224,  14176,   8240
     70145,   8176,   8416,  14192,   7904
     70205,   8208,   8336,  14128,   8192
     70265,   8160,   8592,  14208,   7888
     70325,   8256,   8480,  14176,   8048
     70385,   8192,   8304,  14192,   8240
     70445,   8208,   8496,  14192,   8016
     70505,   8208,   8800,  14144,   7664
     70565,   8208,   8832,  14192,   7632
     70625,   8240,   8576,  14144,   7840
     70685,   8144,   8480,  14240,   7920
     70750,   8256,   8688,  14160,   7808
     70810,   8224,   8784,  14192,   7680
     70870,   8224,   8800,  14208,   7680
     70930,   8224,   8816,  14192,   7680
     70990,   8192,   8976,  14208,   7616
     71050,   8240,   8832,  14224,   7712
     71110,   8272,   8624,  14192,   7840
     71170,   8176,   8336,  14224,   8048
     71230,   8256,   8240,  14208,   8192
     71290,   8144,   8192,  14176,   8240
     71350,   8208,   8448,  14192,   7968
     71410,   8144,   8896,  14224,   7648
     71475,   8160,   8384,  14240,   8064
     71535,   8208,   8608,  14208,   7840
     71595,   8256,   8208,  14256,   8240
     71655,   8176,   8352,  14192,   8144
     71715,   8272,   8384,  14192,   8064
     71775,   8176,   8800,  14176,   7760
     71835,   8224,   8880,  14208,   7696
     71895,   8160,   8896,  14224,   7632
     71955,   8208,   8736,  14224,   7728
     72015,   8176,   8736,  14128,   7728
     72075,   8192,   8576,  14224,   7808
     72140,   8224,   8368,  14256,   8032
     72200,   8240,   8576,  14208,   7856
     72260,   8176,   8832,  14224,   7664
     72320,   8224,   8960,  14192,   7600
     72380,   8176,   8928,  14208,   7664
     72440,   8208,   8608,  14208,   7872
     72500,   8176,   8384,  14160,   8000
     72560,   8224,   8304,  14224,   8176
     72620,   8224,   8848,  14176,   7632
     72680,   8192,   8288,  14192,   8112
     72740,   8208,   8352,  14160,   8112
     72800,   8192,   8432,  14144,   7984
     72865,   8176,   8320,  14192,   8096
     72925,   8224,   8224,  14144,   8240
     72985,   8176,   8848,  14176,   7712
     73045,   8240,   8816,  14192,   7696
     73105,   8208,   8256,  14176,   8192
     73165,   8192,   8336,  14208,   8240
     73225,   8208,   8832,  14176,   7616
     73285,   8240,   8320,  14144,   8192
     73345,   8208,   8256,  14176,   8240
     73405,   8176,   8576,  14160,   7872
     73465,   8208,   8608,  14224,   7840
     73525,   8224,   8688,  14144,   7760
     73590,   8208,   8688,  14208,   7776
     73650,   8176,   8896,  14208,   7632
     73710,   8240,   8656,  14256,   7856
     73770,   8240,   8640,  14144,   7744
     73830,   8192,   8480,  14176,   7904
     73890,   8272,   8400,  14144,   7968
     73950,   8176,   8224,  14224,   8224
     74010,   8192,   8176,  14160,   8400
     74070,   8176,   8400,  14160,   8080
     74130,   8192,   8768,  14224,   7696
     74190,   8176,   8496,  14176,   8080
     74255,   8224,   8640,  14144,   7888
     74315,   8032,   8912,  14176,   7632
     74375,   8192,   8816,  14128,   7632
     74435,   8192,   8352,  14192,   7984
     74495,   8208,   8160,  14160,   8352
     74555,   8224,   8464,  14128,   7984
     74615,   8192,   8800,  14176,   7632
     74675,   8224,   8368,  14176,   8048
     74735,   8176,   8160,  14144,   8272
     74795,   8352,   8176,  14160,   8240
     74855,   8160,   8320,  14160,   7936
     74915,   8256,   8592,  14208,   7728
     74980,   8208,   8352,  14208,   8176
     75040,   8224,   8080,  14224,   8384
     75100,   8240,   8272,  14224,   7968
     75160,   8192,   8368,  14192,   7984
     75220,   8192,   8640,  14208,   7696
     75280,   8208,   8704,  14224,   7664
     75340,   8176,   8672,  14256,   7648
     75400,   8192,   8672,  14224,   7648
     75460,   8192,   8672,  14240,   7632
     75520,   8192,   8544,  14208,   7792
     75580,   8208,   8496,  14176,   7840
     75645,   8208,   8016,  14208,   8144
     75705,   8224,   8080,  14224,   8208
     75765,   8160,   8048,  14176,   8240
     75825,   8208,   8080,  14224,   8272
     75885,   8160,   8064,  14208,   8256
     75945,   8176,   8512,  14192,   7792
     76005,   8176,   8704,  14208,   7632
     76065,   8208,   8288,  14208,   7920
     76125,   8208,   8256,  14176,   7968
     76185,   8208,   8128,  14224,   8096
     76245,   8176,   8080,  14320,   8256
     76305,   8240,   8112,  14288,   8112
     76370,   8192,   8320,  14192,   8000
     76430,   8192,   8592,  14000,   7712
     76490,   8208,   8864,  14128,   7600
     76550,   8176,   8544,  14128,   7792
     76610,   8240,   8064,  14832,   8256
