   2429583,   8160,   9344,  11136,   8112
   2429657,   8208,   9328,  11168,   8656
   2429717,   8224,   9008,  11152,   8192
   2429777,   8192,   8960,  11152,   8752
   2429837,   8208,   9392,  11184,   8128
   2429897,   8208,   9024,  11136,   8128
   2429957,   8224,   8752,  11152,   8576
   2430017,   8208,   8976,  11184,   8704
   2430077,   8192,   9520,  11184,   8208
   2430137,   8224,   8944,  11168,   8192
   2430197,   8192,   8768,  11152,   8736
   2430257,   8224,   9408,  11184,   8352
   2430321,   8240,   9088,  11168,   8240
   2430382,   8224,   8864,  11184,   8224
   2430442,   8208,   8816,  11152,   8656
   2430502,   8224,   9248,  11152,   8752
   2430562,   8176,   9424,  11152,   8352
   2430622,   8224,   9264,  11136,   8096
   2430682,   8208,   9360,  11152,   8144
   2430742,   8240,   9200,  11168,   8128
   2430802,   8176,   8944,  11152,   8160
   2430862,   8208,   9024,  11168,   8656
   2430922,   8224,   8832,  11152,   8768
   2430982,   8176,   9040,  11152,   8720
   2431047,   8192,   9360,  11168,   8608
   2431107,   8192,   8960,  11184,   8144
   2431167,   8224,   9072,  11168,   8080
   2431227,   8176,   9024,  11152,   8160
   2431287,   8240,   9264,  11152,   8112
   2431347,   8224,   9008,  11152,   8080
   2431407,   8208,   8752,  11168,   8400
   2431467,   8176,   9152,  11152,   8768
   2431527,   8160,   9392,  11168,   8288
   2431587,   8176,   9216,  11152,   8112
   2431647,   8208,   8976,  11152,   8144
   2431712,   8192,   8816,  11168,   8272
   2431772,   8224,   9296,  11152,   8736
   2431832,   8224,   9408,  11136,   8144
   2431892,   8240,   8752,  11152,   8624
   2431952,   8176,   9200,  11152,   8624
   2432012,   8208,   9264,  11152,   8112
   2432072,   8176,   8768,  11152,   8560
   2432132,   8192,   9216,  11184,   8784
   2432192,   8240,   9424,  11152,   8208
   2432252,   8192,   8896,  11136,   8128
   2432312,   8224,   8784,  11152,   8528
   2432372,   8192,   9264,  11152,   8736
   2432437,   8224,   9104,  11136,   8128
   2432497,   8208,   8800,  11168,   8688
   2432557,   8208,   9504,  11168,   8288
   2432617,   8176,   8912,  11152,   8192
   2432677,   8224,   8752,  11136,   8624
   2432737,   8176,   9392,  11152,   8432
   2432797,   8192,   8944,  11152,   8208
   2432857,   8160,   9072,  11152,   8832
   2432917,   8176,   9424,  11168,   8272
   2432977,   8224,   8928,  11152,   8160
   2433037,   8176,   8800,  11152,   8640
   2433097,   8192,   9520,  11168,   8288
   2433162,   8192,   8864,  11136,   8192
   2433222,   8208,   8960,  11168,   8752
   2433282,   8192,   9168,  11152,   8240
   2433342,   8240,   8768,  11136,   8384
   2433402,   8224,   9136,  11152,   8688
   2433462,   8160,   9040,  11136,   8112
   2433522,   8160,   8992,  11168,   8752
   2433582,   8240,   9520,  11152,   8352
   2433642,   8208,   8848,  11136,   8240
   2433702,   8208,   8736,  11152,   8608
   2433762,   8160,   9200,  11152,   8624
   2433827,   8192,   9136,  11152,   8160
   2433887,   8224,   8736,  11120,   8464
   2433947,   8192,   8944,  11152,   8752
   2434007,   8224,   9488,  11168,   8432
   2434067,   8160,   9296,  11136,   8144
   2434127,   8176,   9008,  11152,   8096
   2434187,   8208,   8784,  11168,   8592
   2434247,   8224,   9408,  11152,   8592
   2434307,   8208,   9104,  11168,   8144
   2434367,   8192,   8800,  11152,   8704
   2434427,   8224,   9408,  11152,   8208
   2434487,   8240,   9136,  11136,   8144
   2434552,   8224,   8784,  11152,   8464
   2434612,   8176,   8848,  11136,   8688
   2434672,   8208,   9392,  11168,   8624
   2434732,   8224,   9424,  11168,   8256
   2434792,   8192,   8848,  11152,   8176
   2434852,   8208,   8832,  11168,   8688
   2434912,   8224,   9072,  11152,   8848
   2434972,   8192,   9424,  11152,   8320
   2435032,   8224,   8912,  11152,   8144
   2435092,   8176,   8784,  11152,   8688
   2435152,   8224,   9456,  11168,   8480
   2435212,   8240,   9232,  11152,   8144
   2435277,   8144,   8944,  11152,   8240
   2435337,   8224,   8768,  11152,   8480
   2435397,   8192,   8752,  11136,   8608
   2435457,   8208,   8816,  11168,   8672
   2435517,   8192,   8736,  11152,   8688
   2435577,   8208,   8944,  11136,   8736
   2435637,   8208,   9328,  11168,   8160
   2435697,   8176,   8800,  11136,   8400
   2435757,   8208,   9200,  11152,   8784
   2435817,   8208,   9376,  11168,   8384
   2435877,   8224,   9120,  11152,   8080
   2435942,   8208,   8784,  11136,   8512
   2436002,   8176,   8992,  11168,   8736
   2436062,   8208,   9408,  11152,   8304
   2436122,   8176,   8816,  11136,   8288
   2436182,   8224,   9168,  11152,   8768
   2436242,   8224,   9344,  11168,   8208
   2436302,   8208,   8720,  11152,   8368
   2436362,   8192,   9168,  11168,   8624
   2436422,   8192,   9488,  11136,   8288
   2436482,   8192,   9184,  11152,   8128
   2436542,   8208,   9008,  11152,   8080
   2436602,   8240,   8992,  11136,   8160
   2436667,   8208,   8752,  11120,   8352
   2436727,   8208,   9152,  11136,   8720
   2436787,   8192,   9120,  11152,   8816
   2436847,   8160,   9376,  11152,   8256
   2436907,   8208,   8992,  11152,   8144
   2436967,   8240,   8784,  11152,   8672
   2437027,   8176,   9232,  11152,   8688
   2437087,   8176,   9376,  11152,   8192
   2437147,   8176,   9056,  11152,   8112
   2437207,   8208,   8960,  11152,   8160
   2437267,   8192,   8752,  11152,   8768
   2437327,   8192,   9152,  11200,   8640
   2437392,   8224,   9328,  11152,   8288
   2437452,   8240,   9376,  11136,   8208
   2437512,   8176,   9184,  11152,   8128
   2437572,   8192,   9264,  11152,   8128
   2437632,   8224,   9168,  11152,   8144
   2437692,   8192,   8944,  11152,   8096
   2437752,   8176,   9248,  11168,   8112
   2437812,   8208,   9360,  11152,   8464
   2437872,   8176,   8976,  11152,   8720
   2437932,   8176,   8768,  11136,   8752
   2437992,   8192,   8800,  11152,   8704
   2438057,   8208,   8752,  11152,   8640
   2438117,   8224,   9312,  11136,   8720
   2438177,   8176,   8976,  11152,   8752
   2438237,   8224,   9248,  11136,   8736
   2438297,   8224,   8960,  11152,   8736
   2438357,   8192,   8864,  11136,   8736
   2438417,   8224,   8736,  11136,   8480
   2438477,   8224,   8848,  11120,   8160
   2438537,   8224,   8816,  11136,   8352
   2438597,   8192,   8864,  11136,   8224
   2438657,   8192,   9296,  11152,   8144
   2438717,   8160,   9408,  11152,   8192
   2438782,   8176,   9296,  11152,   8096
   2438842,   8224,   9376,  11152,   8176
   2438902,   8208,   9376,  11152,   8192
   2438962,   8176,   9376,  11152,   8352
   2439022,   8176,   9280,  11152,   8672
   2439082,   8224,   8784,  11136,   8688
   2439142,   8176,   8752,  11152,   8576
   2439202,   8224,   8752,  11152,   8560
   2439262,   8208,   8752,  11152,   8320
   2439322,   8240,   8752,  11136,   8512
   2439382,   8192,   8720,  11136,   8640
   2439447,   8160,   8832,  11136,   8272
   2439507,   8192,   9200,  11152,   8160
   2439567,   8240,   9408,  11168,   8304
   2439627,   8176,   9440,  11152,   8496
   2439687,   8208,   8944,  11136,   8736
   2439747,   8208,   8768,  11152,   8672
   2439807,   8208,   8832,  11136,   8320
   2439867,   8224,   9360,  11152,   8176
   2439927,   8208,   9488,  11152,   8400
   2439987,   8224,   9360,  11184,   8208
   2440047,   8224,   8816,  11152,   8720
   2440107,   8208,   8960,  11136,   8208
   2440172,   8176,   9344,  11168,   8144
   2440232,   8192,   9376,  11152,   8368
   2440292,   8160,   8784,  11152,   8608
   2440352,   8224,   9280,  11152,   8176
   2440412,   8192,   9072,  11136,   8688
   2440472,   8224,   8768,  11136,   8736
   2440532,   8240,   8768,  11136,   8240
   2440592,   8160,   9296,  11152,   8160
   2440652,   8176,   9360,  11104,   8496
   2440712,   8240,   9040,  11168,   8736
   2440772,   8192,   8928,  11152,   8816
   2440832,   8176,   8736,  11136,   8320
   2440897,   8176,   9248,  11184,   8112
   2440957,   8192,   9280,  11152,   8560
   2441017,   8176,   8864,  11168,   8256
   2441077,   8160,   9312,  11120,   8496
   2441137,   8224,   8784,  11168,   8720
   2441197,   8192,   9280,  11136,   8112
   2441257,   8208,   9264,  11168,   8736
   2441317,   8240,   8848,  11152,   8176
   2441377,   8176,   9312,  11152,   8144
   2441437,   8240,   9408,  11152,   8624
   2441497,   8224,   8816,  11152,   8304
   2441562,   8192,   9360,  11152,   8400
   2441622,   8208,   9008,  11152,   8624
   2441682,   8192,   9376,  11152,   8256
   2441742,   8208,   8848,  11136,   8800
   2441802,   8224,   9168,  11136,   8096
   2441862,   8176,   9088,  11136,   8816
   2441922,   8192,   8784,  11152,   8304
   2441982,   8224,   9280,  11168,   8128
   2442042,   8224,   9312,  11168,   8448
   2442102,   8192,   9104,  11152,   8656
   2442162,   8208,   8832,  11152,   8816
   2442222,   8192,   8784,  11168,   8288
   2442287,   8192,   9360,  11152,   8160
   2442347,   8208,   9248,  11152,   8576
   2442407,   8192,   8720,  11152,   8544
   2442467,   8192,   9360,  11152,   8288
   2442527,   8176,   9040,  11152,   8784
   2442587,   8240,   8736,  11136,   8336
   2442647,   8160,   9232,  11136,   8144
   2442707,   8224,   9344,  11152,   8432
   2442767,   8192,   9216,  11168,   8624
   2442827,   8176,   9376,  11152,   8864
   2442887,   8208,   8736,  11152,   8464
   2442947,   8224,   8816,  11152,   8320
   2443012,   8224,   9104,  11136,   8064
   2443072,   8208,   9280,  11136,   8144
   2443132,   8240,   9376,  11136,   8240
   2443192,   8176,   9392,  11152,   8352
   2443252,   8224,   9440,  11168,   8464
   2443312,   8208,   9376,  11152,   8256
   2443372,   8192,   9360,  11152,   8336
   2443432,   8224,   9440,  11152,   8528
   2443492,   8224,   9216,  11168,   8544
   2443552,   8224,   9392,  11136,   8320
   2443612,   8192,   9424,  11168,   8208
   2443677,   8176,   9392,  11152,   8464
   2443737,   8192,   9232,  11152,   8688
   2443797,   8208,   8896,  11136,   8720
   2443857,   8224,   8832,  11152,   8720
   2443917,   8208,   8768,  11152,   8352
   2443977,   8176,   9120,  11152,   8080
   2444037,   8224,   9232,  11152,   8736
   2444097,   8240,   8736,  11152,   8352
   2444157,   8192,   9184,  11168,   8128
   2444217,   8208,   9360,  11152,   8288
   2444277,   8208,   9280,  11152,   8560
   2444337,   8176,   9040,  11136,   8800
   2444402,   8192,   8752,  11168,   8672
   2444462,   8208,   8912,  11152,   8816
   2444522,   8176,   8784,  11152,   8704
   2444582,   8208,   8816,  11136,   8720
   2444642,   8240,   8720,  11136,   8720
   2444702,   8192,   8704,  11152,   8400
   2444762,   8192,   8928,  11136,   8192
   2444822,   8176,   9280,  11152,   8160
   2444882,   8192,   9360,  11136,   8336
   2444942,   8224,   9040,  11152,   8784
   2445002,   8224,   8704,  11152,   8432
   2445062,   8176,   9072,  11152,   8128
   2445127,   8208,   9136,  11136,   8592
   2445187,   8192,   8704,  11120,   8624
   2445247,   8176,   9040,  11152,   8096
   2445307,   8176,   9488,  11152,   8400
   2445367,   8160,   9040,  11136,   8688
   2445427,   8192,   8752,  11152,   8448
   2445487,   8224,   9296,  11152,   8144
   2445547,   8208,   9072,  11136,   8704
   2445607,   8176,   8992,  11136,   8128
   2445667,   8208,   9360,  11136,   8400
   2445727,   8192,   9344,  11136,   8816
   2445792,   8192,   8912,  11168,   8112
   2445852,   8192,   8864,  11152,   8720
   2445912,   8208,   9008,  11152,   8160
   2445972,   8176,   9344,  11168,   8336
   2446032,   8176,   8832,  11184,   8672
   2446092,   8160,   8848,  11200,   8192
   2446152,   8208,   9360,  11152,   8432
   2446212,   8176,   8848,  11360,   8816
   2446272,   8224,   8976,  11152,   8048
   2446332,   8208,   9440,  11088,   8544
   2446392,   8224,   8720,  11200,   8464
   2446452,   8176,   9216,  11136,   8080
   2446517,   8208,   9232,  11248,   8416
   2446577,   8192,   8688,  11072,   8560
   2446637,   8224,   9136,  10912,   8048
   2446697,   8176,   9472,  11104,   8368
   2446757,   8192,   8832,  11136,   8656
   2446817,   8192,   8944,  11472,   8112
   2446877,   8160,   9344,  11152,   8304
   2446937,   8192,   8816,  11584,   8656
   2446997,   8224,   9040,  11184,   8048
   2447057,   8240,   9152,  11184,   8576
   2447117,   8208,   8784,  11216,   8208
   2447182,   8176,   9200,  11296,   8592
   2447242,   8208,   8752,  11264,   8240
   2447302,   8240,   9424,  11264,   8160
   2447362,   8224,   8960,  11008,   8608
   2447422,   8192,   8816,  11456,   8112
   2447482,   8208,   9296,  11408,   8448
   2447542,   8240,   8816,  10992,   8128
   2447602,   8176,   8768,  11424,   8592
   2447662,   8176,   9472,  11376,   8208
   2447722,   8224,   8736,  10928,   8176
   2447782,   8224,   9456,  11280,   8336
   2447842,   8208,   8688,  11248,   8304
   2447907,   8208,   9088,  11136,   8064
   2447967,   8192,   9168,  11152,   8544
   2448027,   8224,   8720,  10800,   8528
   2448087,   8208,   8800,  10976,   7984
   2448147,   8208,   8800,  11328,   8688
   2448207,   8176,   9344,  11360,   8176
   2448267,   8240,   8800,  11232,   8160
   2448327,   8224,   8960,  11248,   8624
   2448387,   8224,   9104,  11488,   8032
   2448447,   8208,   8816,  11312,   8608
   2448507,   8208,   9200,  11360,   8016
   2448567,   8176,   8800,  11440,   8560
   2448632,   8160,   9328,  11552,   8160
   2448692,   8192,   8720,  11408,   8144
   2448752,   8192,   9072,  11296,   8528
   2448812,   8240,   8800,  11440,   8128
   2448872,   8240,   9184,  11456,   8448
   2448932,   8208,   8816,  11184,   8144
   2448992,   8240,   9536,  11280,   8032
   2449052,   8192,   8672,  11296,   8384
   2449112,   8160,   9360,  11376,   8176
   2449172,   8240,   9056,  11440,   7856
   2449232,   8208,   8688,  11360,   8400
   2449297,   8208,   8912,  11344,   8592
   2449357,   8224,   9344,  11328,   8208
   2449417,   8224,   8944,  11424,   7968
   2449477,   8208,   8672,  11248,   8208
   2449537,   8192,   9088,  11328,   8672
   2449597,   8224,   9328,  11296,   8240
   2449657,   8160,   8880,  11328,   8016
   2449717,   8208,   8736,  11344,   8160
   2449777,   8224,   8656,  11248,   8288
   2449837,   8192,   8784,  11440,   8608
   2449897,   8208,   9136,  11184,   8496
   2449957,   8224,   9296,  11568,   8272
   2450022,   8192,   9344,  11440,   8128
   2450082,   8224,   8928,  11376,   7984
   2450142,   8208,   8704,  11408,   8128
   2450202,   8192,   8656,  11312,   8304
   2450262,   8240,   8672,  11296,   8400
   2450322,   8224,   8944,  11360,   8592
   2450382,   8160,   9392,  11328,   8352
   2450442,   8160,   9088,  11328,   7936
   2450502,   8224,   8832,  11328,   8080
   2450562,   8224,   8656,  11312,   8304
   2450622,   8224,   9040,  11360,   8528
   2450682,   8208,   9424,  11296,   8256
   2450747,   8160,   9408,  11344,   8528
   2450807,   8176,   9248,  11376,   8368
   2450867,   8192,   9216,  11360,   8048
   2450927,   8208,   8736,  11376,   8160
   2450987,   8176,   8688,  11328,   8464
   2451047,   8208,   9328,  11344,   8512
   2451107,   8192,   8800,  11344,   8032
   2451167,   8224,   9296,  11312,   8496
   2451227,   8176,   9232,  11360,   8016
   2451287,   8208,   8736,  11376,   8192
   2451347,   8176,   8736,  11376,   8496
   2451412,   8224,   8896,  11328,   8480
   2451472,   8224,   8944,  11312,   8560
   2451532,   8208,   9232,  11360,   8000
   2451592,   8192,   8672,  11296,   8160
   2451652,   8192,   9072,  11360,   8656
   2451712,   8224,   9296,  11344,   8080
   2451772,   8208,   8656,  11344,   8272
   2451832,   8176,   9168,  11392,   8448
   2451892,   8192,   9024,  11360,   7984
   2451952,   8176,   8704,  11344,   8528
   2452012,   8240,   9344,  11344,   8160
   2452072,   8208,   8928,  11344,   8000
   2452137,   8160,   8704,  11360,   8128
   2452197,   8192,   9088,  11312,   8480
   2452257,   8176,   8960,  11312,   7968
   2452317,   8160,   8848,  11344,   8576
   2452377,   8192,   9408,  11360,   8160
   2452437,   8192,   8992,  11312,   7936
   2452497,   8176,   8656,  11360,   8544
   2452557,   8192,   9088,  11328,   8544
   2452617,   8160,   9296,  11344,   8224
   2452677,   8224,   9344,  11344,   8080
   2452737,   8192,   8704,  11328,   8048
   2452797,   8192,   9008,  11344,   8672
   2452861,   8192,   9392,  11312,   8016
   2452922,   8208,   9040,  11344,   7936
   2452982,   8192,   8672,  11328,   8288
   2453042,   8160,   9072,  11328,   8544
   2453102,   8208,   9168,  11328,   7968
   2453162,   8256,   8672,  11312,   8384
   2453222,   8224,   9072,  11344,   8480
   2453282,   8224,   9280,  11344,   8016
   2453342,   8240,   8784,  11344,   8016
   2453402,   8176,   8736,  11312,   8656
   2453462,   8192,   9312,  11344,   8112
   2453527,   8240,   8736,  11312,   8096
   2453587,   8176,   8928,  11312,   8704
   2453647,   8160,   9248,  11360,   8384
   2453707,   8224,   9280,  11328,   8048
   2453767,   8176,   9168,  11328,   7984
   2453827,   8224,   9168,  11328,   7968
   2453887,   8208,   9216,  11344,   8016
   2453947,   8192,   8928,  11328,   8080
   2454007,   8208,   9296,  11360,   8224
   2454067,   8224,   9280,  11344,   8288
   2454127,   8176,   9360,  11328,   8448
   2454187,   8160,   8864,  11328,   8592
   2454252,   8208,   8704,  11312,   8528
   2454312,   8224,   8640,  11328,   8400
   2454372,   8208,   8672,  11328,   8496
   2454432,   8208,   8688,  11328,   8464
   2454492,   8176,   8672,  11328,   8112
   2454552,   8176,   8960,  11328,   8000
   2454612,   8224,   8912,  11344,   7984
   2454672,   8208,   8912,  11328,   7984
   2454732,   8176,   8944,  11344,   8016
   2454792,   8208,   9328,  11344,   8080
   2454852,   8224,   9152,  11344,   8512
   2454917,   8192,   8736,  11328,   8400
   2454977,   8208,   8656,  11344,   8208
   2455037,   8224,   8752,  11312,   8112
   2455097,   8176,   8944,  11328,   7984
   2455157,   8192,   8960,  11344,   7952
   2455217,   8224,   9152,  11312,   7984
   2455277,   8208,   9344,  11328,   8096
   2455337,   8192,   9264,  11360,   8304
   2455397,   8224,   8928,  11344,   8576
   2455457,   8208,   8672,  11312,   8528
   2455517,   8240,   8672,  11328,   8304
   2455577,   8240,   8704,  11344,   8032
   2455642,   8224,   9264,  11376,   8272
   2455702,   8160,   9008,  11328,   8544
   2455762,   8176,   8672,  11328,   8528
   2455822,   8240,   9168,  11328,   8000
   2455882,   8224,   9280,  11344,   8304
   2455942,   8192,   8688,  11328,   8512
   2456002,   8192,   8640,  11328,   8464
   2456062,   8176,   8720,  11328,   8112
   2456122,   8176,   8832,  11328,   7984
   2456182,   8192,   9200,  11360,   8048
   2456242,   8192,   8992,  11312,   8704
   2456302,   8176,   8688,  11312,   8192
   2456367,   8160,   9360,  11344,   8224
   2456427,   8208,   8976,  11344,   7984
   2456487,   8176,   9056,  11360,   8528
   2456547,   8224,   8640,  11360,   8112
   2456607,   8224,   9296,  11360,   8112
   2456667,   8176,   9056,  11312,   8672
   2456727,   8176,   8640,  11360,   8400
   2456787,   8208,   9168,  11328,   8000
   2456847,   8208,   9024,  11344,   8576
   2456907,   8208,   8784,  11360,   8656
   2456967,   8224,   8656,  11328,   8368
   2457032,   8208,   9232,  11296,   7968
   2457092,   8176,   9136,  11344,   8496
   2457152,   8208,   8624,  11328,   8192
   2457212,   8208,   8992,  11344,   8000
   2457272,   8192,   9296,  11376,   8544
   2457332,   8208,   8704,  11344,   8496
   2457392,   8192,   8688,  11328,   8064
   2457452,   8208,   9120,  11360,   8000
   2457512,   8240,   8992,  11344,   8704
   2457572,   8240,   8992,  11360,   8000
   2457632,   8208,   8992,  11328,   8592
   2457692,   8224,   8720,  11328,   8096
   2457757,   8224,   9280,  11344,   8480
   2457817,   8192,   8832,  11312,   7968
   2457877,   8160,   9088,  11344,   8512
   2457937,   8208,   8656,  11360,   8528
   2457997,   8192,   9152,  11312,   7968
   2458057,   8224,   9088,  11312,   8528
   2458117,   8208,   8640,  11360,   8144
   2458177,   8208,   9264,  11344,   8304
   2458237,   8208,   8672,  11328,   8336
   2458297,   8208,   9216,  11344,   8256
   2458357,   8224,   8656,  11312,   8464
   2458417,   8208,   8800,  11328,   8016
   2458482,   8208,   9280,  11328,   8208
   2458542,   8192,   8912,  11344,   8608
   2458602,   8192,   8656,  11296,   8528
   2458662,   8208,   8816,  11344,   8000
   2458722,   8224,   8912,  11328,   8016
   2458782,   8176,   9264,  11312,   8064
   2458842,   8192,   9296,  11360,   8080
   2458902,   8224,   9248,  11344,   8352
   2458962,   8192,   8960,  11360,   8576
   2459022,   8192,   8704,  11312,   8144
   2459082,   8192,   9216,  11328,   8016
   2459147,   8224,   9360,  11328,   8608
   2459207,   8192,   8784,  11344,   8560
   2459267,   8224,   8624,  11328,   8352
   2459327,   8192,   8896,  11312,   7968
   2459387,   8224,   9360,  11328,   8352
   2459447,   8240,   8624,  11312,   8272
   2459507,   8176,   8784,  11328,   8016
   2459567,   8176,   8848,  11328,   8592
   2459627,   8192,   8736,  11344,   8144
   2459687,   8224,   9376,  11344,   8144
   2459747,   8176,   8736,  11344,   8576
   2459807,   8176,   8816,  11328,   7968
   2459872,   8192,   9248,  11328,   8480
   2459932,   8192,   8640,  11312,   8464
   2459992,   8192,   9088,  11328,   7968
   2460052,   8192,   9040,  11328,   8672
   2460112,   8192,   9072,  11312,   7968
   2460172,   8224,   8736,  11328,   8560
   2460232,   8192,   8928,  11312,   7952
   2460292,   8160,   9232,  11344,   8368
   2460352,   8176,   8640,  11344,   8496
   2460412,   8176,   9168,  11360,   8000
   2460472,   8208,   9168,  11344,   8448
   2460532,   8224,   8672,  11360,   8080
   2460597,   8208,   9120,  11312,   8416
   2460657,   8208,   8608,  11328,   8352
   2460717,   8176,   9280,  11360,   8240
   2460777,   8160,   8608,  11328,   8352
   2460837,   8192,   9376,  11328,   8208
   2460897,   8160,   8912,  11360,   8416
   2460957,   8224,   9232,  11312,   8048
   2461017,   8224,   8608,  11328,   8384
   2461077,   8176,   9008,  11328,   8000
   2461137,   8176,   8720,  11344,   8624
   2461197,   8240,   9376,  11328,   8160
   2461262,   8192,   8640,  11328,   8192
   2461322,   8160,   9360,  11328,   8176
   2461382,   8176,   8608,  11312,   8320
   2461442,   8176,   9280,  11360,   8288
   2461502,   8224,   8688,  11328,   8080
