   2345337,   8384,  11104,  10800,  10288
   2345411,   8352,  11104,  10784,  10032
   2345471,   8384,  11040,  10800,  10544
   2345531,   8368,  10464,  10768,  10176
   2345591,   8400,  11024,  10800,  10144
   2345651,   8368,  10896,  10816,  10640
   2345711,   8400,  10800,  10784,  10032
   2345771,   8400,  10816,  10784,  10736
   2345831,   8400,  10752,  10784,  10032
   2345891,   8400,  10672,  10800,  10592
   2345951,   8416,  11008,  10816,  10096
   2346011,   8400,  10624,  10784,  10576
   2346076,   8352,  10992,  10800,  10032
   2346136,   8384,  10768,  10784,  10464
   2346196,   8400,  10992,  10800,  10032
   2346256,   8416,  10528,  10784,  10640
   2346316,   8384,  11104,  10800,  10288
   2346376,   8400,  10736,  10784,  10304
   2346436,   8400,  10608,  10800,  10592
   2346496,   8352,  10960,  10800,  10288
   2346556,   8384,  11248,  10784,  10064
   2346616,   8368,  11072,  10800,  10048
   2346676,   8384,  10992,  10800,  10000
   2346736,   8352,  10592,  10800,  10384
   2346801,   8368,  10912,  10800,  10400
   2346861,   8384,  11152,  10800,  10048
   2346921,   8352,  11056,  10800,  10064
   2346981,   8352,  10864,  10784,  10160
   2347041,   8416,  10528,  10784,  10416
   2347101,   8368,  10512,  10768,  10640
   2347161,   8352,  11152,  10800,  10240
   2347221,   8352,  11088,  10800,  10032
   2347281,   8352,  10592,  10784,  10336
   2347341,   8368,  10560,  10800,  10640
   2347401,   8416,  10992,  10800,  10416
   2347466,   8368,  11088,  10784,   9984
   2347526,   8352,  10768,  10800,  10048
   2347586,   8352,  10608,  10800,  10496
   2347646,   8416,  10464,  10816,  10640
   2347706,   8368,  10704,  10800,  10544
   2347766,   8368,  10944,  10800,  10448
   2347826,   8416,  10960,  10816,  10352
   2347886,   8416,  11056,  10800,  10208
   2347946,   8368,  11248,  10800,  10064
   2348006,   8384,  11088,  10784,  10048
   2348066,   8384,  10848,  10784,  10096
   2348126,   8368,  10896,  10784,  10112
   2348191,   8368,  10672,  10784,  10144
   2348251,   8384,  10512,  10784,  10544
   2348311,   8368,  10544,  10784,  10576
   2348371,   8400,  10480,  10784,  10640
   2348431,   8384,  10720,  10800,  10544
   2348491,   8384,  10944,  10768,  10464
   2348551,   8400,  11056,  10800,  10208
   2348611,   8384,  11056,  10816,  10224
   2348671,   8384,  11184,  10800,  10224
   2348731,   8400,  11136,  10816,  10064
   2348791,   8352,  10864,  10784,  10096
   2348851,   8368,  10672,  10816,  10272
   2348916,   8368,  10512,  10768,  10464
   2348976,   8352,  10864,  10800,  10656
   2349036,   8368,  11200,  10800,  10176
   2349096,   8416,  10768,  10800,  10496
   2349156,   8416,  10800,  10800,  10512
   2349216,   8368,  11024,  10800,  10352
   2349276,   8352,  11040,  10800,  10208
   2349336,   8384,  11040,  10800,  10224
   2349396,   8400,  11248,  10800,  10048
   2349456,   8336,  11040,  10800,  10048
   2349516,   8384,  11056,  10800,  10000
   2349581,   8368,  10512,  10768,  10736
   2349641,   8368,  10560,  10800,  10624
   2349701,   8368,  10752,  10800,  10480
   2349761,   8352,  11232,  10800,  10144
   2349821,   8384,  10944,  10800,  10080
   2349881,   8400,  10688,  10768,  10208
   2349941,   8400,  10576,  10784,  10384
   2350001,   8384,  10592,  10784,  10464
   2350061,   8400,  10480,  10784,  10496
   2350121,   8368,  10496,  10800,  10608
   2350181,   8368,  10704,  10800,  10640
   2350241,   8416,  10640,  10800,  10576
   2350306,   8352,  11120,  10784,  10368
   2350366,   8400,  11120,  10800,  10048
   2350426,   8400,  11136,  10816,  10128
   2350486,   8352,  11184,  10800,  10192
   2350546,   8400,  10960,  10800,  10304
   2350606,   8368,  10992,  10784,  10288
   2350666,   8368,  11216,  10784,  10128
   2350726,   8368,  11136,  10784,  10032
   2350786,   8352,  11152,  10784,  10048
   2350846,   8400,  11264,  10784,  10080
   2350906,   8400,  11136,  10800,  10064
   2350966,   8368,  11056,  10784,  10000
   2351031,   8384,  10624,  10768,  10032
   2351091,   8368,  10656,  10800,  10208
   2351151,   8416,  10512,  10800,  10560
   2351211,   8368,  10592,  10784,  10736
   2351271,   8416,  10912,  10816,  10320
   2351331,   8384,  11152,  10784,  10048
   2351391,   8352,  11168,  10800,  10032
   2351451,   8416,  11024,  10800,  10064
   2351511,   8416,  10608,  10800,  10272
   2351571,   8416,  10496,  10784,  10528
   2351631,   8400,  10496,  10768,  10704
   2351696,   8336,  10864,  10768,  10640
   2351756,   8368,  10880,  10800,  10512
   2351816,   8352,  10560,  10784,  10624
   2351876,   8400,  10496,  10800,  10576
   2351936,   8352,  10992,  10816,  10064
   2351996,   8400,  10752,  10800,  10512
   2352056,   8384,  10592,  10784,  10480
   2352116,   8400,  11072,  10800,  10016
   2352176,   8336,  11040,  10800,  10336
   2352236,   8384,  10496,  10800,  10464
   2352296,   8352,  11152,  10832,  10032
   2352356,   8400,  11136,  10816,  10112
   2352421,   8400,  11088,  10816,  10416
   2352481,   8384,  10640,  10784,  10560
   2352541,   8416,  10512,  10784,  10560
   2352601,   8400,  10640,  10768,  10384
   2352661,   8368,  10528,  10800,  10384
   2352721,   8384,  10528,  10784,  10416
   2352781,   8384,  10752,  10784,  10240
   2352841,   8384,  10832,  10784,  10096
   2352901,   8416,  10928,  10800,  10096
   2352961,   8368,  10976,  10800,  10048
   2353021,   8384,  11120,  10784,  10000
   2353081,   8400,  11184,  10816,  10224
   2353146,   8368,  10976,  10768,  10352
   2353206,   8336,  11184,  10800,  10208
   2353266,   8368,  11072,  10800,  10176
   2353326,   8368,  11120,  10800,  10128
   2353386,   8368,  10960,  10800,  10448
   2353446,   8368,  10464,  10800,  10608
   2353506,   8368,  10688,  10800,  10304
   2353566,   8368,  10656,  10784,  10352
   2353626,   8416,  10656,  10784,  10240
   2353686,   8400,  10800,  10800,  10160
   2353746,   8400,  10992,  10816,  10064
   2353811,   8368,  10544,  10784,  10064
   2353871,   8368,  10512,  10768,  10624
   2353931,   8384,  10512,  10800,  10464
   2353991,   8384,  10496,  10800,  10624
   2354051,   8416,  10496,  10800,  10720
   2354111,   8368,  10480,  10784,  10624
   2354171,   8400,  10496,  10784,  10624
   2354231,   8384,  10528,  10800,  10736
   2354291,   8368,  10624,  10784,  10560
   2354351,   8416,  10672,  10800,  10592
   2354411,   8352,  10576,  10800,  10704
   2354471,   8368,  10512,  10784,  10640
   2354536,   8400,  10880,  10784,  10464
   2354596,   8368,  10720,  10784,  10528
   2354656,   8368,  10896,  10800,  10368
   2354716,   8368,  11232,  10784,  10160
   2354776,   8368,  11104,  10800,  10032
   2354836,   8368,  10992,  10784,  10000
   2354896,   8352,  10896,  10800,  10112
   2354956,   8384,  10912,  10784,  10096
   2355016,   8352,  11120,  10800,  10016
   2355076,   8352,  11232,  10816,  10176
   2355136,   8368,  10976,  10800,  10288
   2355201,   8368,  11232,  10768,  10208
   2355261,   8400,  11136,  10784,  10048
   2355321,   8368,  11056,  10800,   9984
   2355381,   8384,  11200,  10800,  10272
   2355441,   8400,  11024,  10800,  10240
   2355501,   8416,  10816,  10784,  10464
   2355561,   8384,  10736,  10800,  10640
   2355621,   8416,  10656,  10800,  10544
   2355681,   8416,  10704,  10800,  10544
   2355741,   8368,  10848,  10784,  10528
   2355801,   8416,  10592,  10800,  10592
   2355861,   8352,  10528,  10784,  10656
   2355926,   8368,  10464,  10784,  10480
   2355986,   8384,  10512,  10800,  10480
   2356046,   8416,  10928,  10800,  10096
   2356106,   8352,  11120,  10800,   9984
   2356166,   8368,  11232,  10816,  10544
   2356226,   8368,  10752,  10768,  10480
   2356286,   8368,  10528,  10784,  10640
   2356346,   8368,  10544,  10800,  10512
   2356406,   8384,  10976,  10800,  10032
   2356466,   8352,  11088,  10784,  10336
   2356526,   8416,  10480,  10800,  10512
   2356586,   8352,  11216,  10800,  10032
   2356651,   8368,  10800,  10800,  10496
   2356711,   8416,  10496,  10784,  10640
   2356771,   8368,  11152,  10800,  10048
   2356831,   8352,  10816,  10800,  10576
   2356891,   8416,  10464,  10784,  10480
   2356951,   8368,  11120,  10784,  10016
   2357011,   8352,  10880,  10800,  10368
   2357071,   8352,  10496,  10800,  10640
   2357131,   8336,  10960,  10784,  10080
   2357191,   8416,  10752,  10784,  10512
   2357251,   8400,  10480,  10784,  10656
   2357316,   8400,  11024,  10784,  10048
   2357376,   8400,  11040,  10800,  10208
   2357436,   8384,  10816,  10784,  10464
   2357496,   8416,  10768,  10784,  10608
   2357556,   8416,  10544,  10800,  10624
   2357616,   8416,  10480,  10784,  10592
   2357676,   8400,  10544,  10784,  10544
   2357736,   8352,  10560,  10800,  10336
   2357796,   8352,  10880,  10800,  10096
   2357856,   8368,  11136,  10800,  10064
   2357916,   8368,  10976,  10784,  10320
   2357976,   8368,  10656,  10800,  10656
   2358041,   8352,  10800,  10784,  10544
   2358101,   8352,  11024,  10800,  10384
   2358161,   8368,  10816,  10784,  10432
   2358221,   8416,  10752,  10800,  10464
   2358281,   8368,  10512,  10784,  10736
   2358341,   8368,  10576,  10800,  10336
   2358401,   8368,  10864,  10800,  10128
   2358461,   8400,  11088,  10800,  10208
   2358521,   8400,  10656,  10816,  10560
   2358581,   8368,  10560,  10784,  10480
   2358641,   8352,  11120,  10800,  10000
   2358701,   8400,  10544,  10800,  10736
   2358766,   8352,  10720,  10768,  10016
   2358826,   8416,  10688,  10784,  10560
   2358886,   8416,  11120,  10800,  10320
   2358946,   8400,  10640,  10784,  10240
   2359006,   8352,  11008,  10800,  10400
   2359066,   8384,  10512,  10768,  10432
   2359126,   8416,  11216,  10816,  10096
   2359186,   8400,  10512,  10784,  10640
   2359246,   8352,  11072,  10800,  10016
   2359306,   8368,  10608,  10800,  10608
   2359366,   8416,  10720,  10800,  10208
   2359431,   8368,  11152,  10800,  10048
   2359491,   8416,  10928,  10800,  10736
   2359551,   8368,  10720,  10768,  10128
   2359611,   8352,  10976,  10768,  10432
   2359671,   8368,  10688,  10800,  10192
   2359731,   8384,  11200,  10784,  10192
   2359791,   8432,  10480,  10800,  10624
   2359851,   8416,  10720,  10784,  10208
   2359911,   8400,  11024,  10800,  10048
   2359971,   8368,  11088,  10816,  10208
   2360031,   8432,  10528,  10800,  10752
   2360091,   8336,  10960,  10800,  10016
   2360156,   8384,  11120,  10784,  10448
   2360216,   8384,  10496,  10800,  10640
   2360276,   8384,  11120,  10816,  10080
   2360336,   8384,  10480,  10800,  10592
   2360396,   8400,  10912,  10800,  10096
   2360456,   8352,  10976,  10816,  10272
   2360516,   8368,  10640,  10784,  10368
   2360576,   8368,  10880,  10784,  10384
   2360636,   8368,  10512,  10800,  10592
   2360696,   8400,  11120,  10784,  10016
   2360756,   8368,  10848,  10800,  10528
   2360816,   8352,  10736,  10784,  10160
   2360881,   8400,  11136,  10800,  10336
   2360941,   8384,  10496,  10784,  10640
   2361001,   8368,  11120,  10816,  10032
   2361061,   8416,  10528,  10800,  10448
   2361121,   8384,  10976,  10816,  10320
   2361181,   8368,  11168,  10800,  10016
   2361241,   8400,  10640,  10800,  10176
   2361301,   8368,  10512,  10784,  10720
   2361361,   8384,  10912,  10800,  10336
   2361421,   8368,  10960,  10800,  10064
   2361481,   8416,  10512,  10800,  10464
   2361546,   8336,  11072,  10800,  10528
   2361606,   8400,  10928,  10800,  10080
   2361666,   8352,  10512,  10800,  10480
   2361726,   8416,  10656,  10768,  10560
   2361786,   8368,  11264,  10800,  10064
   2361846,   8352,  10704,  10800,  10160
   2361906,   8432,  10688,  10800,  10656
   2361966,   8416,  11136,  10800,  10128
   2362026,   8368,  10960,  10784,  10048
   2362086,   8400,  11040,  10800,  10032
   2362146,   8384,  10720,  10784,  10128
   2362206,   8384,  10544,  10784,  10464
   2362271,   8336,  10512,  10800,  10720
   2362331,   8368,  10672,  10800,  10544
   2362391,   8368,  10752,  10768,  10528
   2362451,   8384,  11200,  10800,  10224
   2362511,   8400,  11024,  10800,  10000
   2362571,   8416,  10464,  10784,  10672
   2362631,   8368,  10800,  10816,  10464
   2362691,   8368,  10960,  10800,  10080
   2362751,   8368,  10496,  10800,  10560
   2362811,   8352,  11040,  10784,  10240
   2362871,   8384,  11168,  10800,  10016
   2362936,   8384,  10576,  10768,  10256
   2362996,   8368,  10912,  10816,  10368
   2363056,   8384,  11104,  10832,  10016
   2363116,   8400,  10464,  10784,  10624
   2363176,   8416,  11104,  10816,  10032
   2363236,   8384,  10496,  10784,  10640
   2363296,   8368,  11232,  10800,  10048
   2363356,   8400,  10704,  10800,  10144
   2363416,   8416,  10464,  10816,  10672
   2363476,   8384,  11088,  10816,  10176
   2363536,   8368,  10544,  10800,  10496
   2363596,   8352,  11072,  10800,  10240
   2363661,   8416,  10480,  10784,  10384
   2363721,   8416,  11232,  10784,  10016
   2363781,   8384,  10496,  10784,  10656
   2363841,   8352,  11232,  10800,  10128
   2363901,   8368,  10592,  10784,  10352
   2363961,   8352,  11008,  10784,  10400
   2364021,   8368,  10960,  10784,  10032
   2364081,   8416,  10496,  10784,  10720
   2364141,   8368,  11072,  10800,  10000
   2364201,   8368,  10480,  10800,  10720
   2364261,   8352,  10944,  10816,  10368
   2364321,   8368,  11072,  10816,  10208
   2364386,   8416,  10944,  10800,  10096
   2364446,   8384,  10672,  10768,  10224
   2364506,   8368,  10480,  10800,  10624
   2364566,   8400,  11184,  10816,  10208
   2364626,   8400,  10544,  10784,  10288
   2364686,   8384,  11040,  10800,  10368
   2364746,   8416,  10720,  10800,  10128
   2364806,   8384,  10624,  10800,  10720
   2364866,   8368,  11072,  10800,  10208
   2364926,   8384,  10992,  10784,  10064
   2364986,   8384,  10496,  10800,  10608
   2365051,   8416,  10992,  10800,  10128
   2365111,   8432,  10496,  10768,  10576
   2365171,   8416,  10864,  10800,  10400
   2365231,   8384,  11008,  10800,  10048
   2365291,   8368,  10640,  10784,  10304
   2365351,   8432,  10576,  10784,  10624
   2365411,   8400,  11184,  10800,  10256
   2365471,   8384,  10976,  10816,   9984
   2365531,   8368,  10688,  10784,  10016
   2365591,   8368,  10544,  10800,  10640
   2365651,   8368,  11088,  10800,  10176
   2365711,   8400,  10896,  10800,  10080
   2365776,   8416,  10640,  10768,  10160
   2365836,   8400,  10704,  10800,  10512
   2365896,   8384,  11184,  10816,  10032
   2365956,   8384,  10736,  10800,  10144
   2366016,   8368,  10512,  10784,  10736
   2366076,   8416,  10656,  10816,  10560
   2366136,   8384,  10752,  10800,  10528
   2366196,   8384,  10800,  10800,  10576
   2366256,   8384,  10640,  10784,  10576
   2366316,   8400,  10976,  10800,  10320
   2366376,   8368,  11248,  10784,  10112
   2366436,   8368,  10864,  10800,  10048
   2366501,   8352,  10672,  10768,  10080
   2366561,   8368,  10528,  10800,  10736
   2366621,   8400,  10736,  10768,  10528
   2366681,   8416,  10752,  10800,  10496
   2366741,   8384,  10768,  10768,  10624
   2366801,   8368,  10544,  10800,  10640
   2366861,   8384,  10688,  10816,  10576
   2366921,   8368,  11184,  10816,  10240
   2366981,   8400,  11168,  10800,  10048
   2367041,   8400,  11072,  10800,  10016
   2367101,   8368,  10992,  10800,  10048
   2367166,   8400,  10592,  10800,  10208
   2367226,   8416,  10480,  10800,  10624
   2367286,   8384,  10608,  10784,  10720
   2367346,   8416,  10784,  10800,  10480
   2367406,   8352,  10608,  10784,  10624
   2367466,   8416,  10688,  10800,  10656
   2367526,   8384,  10608,  10784,  10640
   2367586,   8384,  10880,  10800,  10416
   2367646,   8384,  11232,  10800,  10064
   2367706,   8416,  10640,  10800,  10192
   2367766,   8384,  10480,  10768,  10688
   2367826,   8400,  10672,  10816,  10576
   2367891,   8368,  10976,  10816,  10384
   2367951,   8416,  11120,  10816,  10144
   2368011,   8400,  11248,  10800,  10128
   2368071,   8416,  10864,  10800,  10400
   2368131,   8384,  10704,  10800,  10528
   2368191,   8368,  10880,  10784,  10528
   2368251,   8400,  10480,  10816,  10624
   2368311,   8400,  10480,  10800,  10448
   2368371,   8384,  10464,  10784,  10704
   2368431,   8384,  10528,  10800,  10656
   2368491,   8368,  10512,  10784,  10624
   2368551,   8384,  10512,  10800,  10720
   2368616,   8368,  10864,  10800,  10736
   2368676,   8368,  10832,  10784,  10448
   2368736,   8368,  10960,  10800,  10320
   2368796,   8400,  11200,  10800,  10240
   2368856,   8352,  11120,  10800,  10048
   2368916,   8400,  10816,  10800,  10144
   2368976,   8400,  10544,  10800,  10416
   2369036,   8384,  10464,  10800,  10560
   2369096,   8352,  10512,  10800,  10736
   2369156,   8384,  10560,  10816,  10608
   2369216,   8400,  10608,  10800,  10608
   2369281,   8368,  11008,  10768,  10592
   2369341,   8400,  11200,  10800,  10208
   2369401,   8416,  11136,  10816,  10144
   2369461,   8352,  11136,  10816,  10080
   2369521,   8368,  11184,  10800,  10032
   2369581,   8384,  10928,  10800,  10016
   2369641,   8368,  10496,  10800,  10640
   2369701,   8384,  10544,  10800,  10640
   2369761,   8400,  10576,  10784,  10608
   2369821,   8368,  10704,  10800,  10640
   2369881,   8384,  10496,  10784,  10640
   2369941,   8368,  10528,  10800,  10656
   2370006,   8416,  10992,  10784,  10352
   2370066,   8400,  11072,  10800,  10032
   2370126,   8416,  10544,  10768,  10336
   2370186,   8400,  10512,  10800,  10512
   2370246,   8400,  10496,  10784,  10544
   2370306,   8400,  10576,  10784,  10608
   2370366,   8368,  11104,  10800,  10304
   2370426,   8384,  11104,  10800,  10096
   2370486,   8368,  11136,  10800,  10080
   2370546,   8368,  10896,  10800,  10096
   2370606,   8352,  10720,  10768,  10096
   2370671,   8384,  10608,  10800,  10176
   2370731,   8368,  10496,  10768,  10624
   2370791,   8368,  10528,  10784,  10432
   2370851,   8416,  10480,  10784,  10448
   2370911,   8368,  10480,  10784,  10720
   2370971,   8400,  10720,  10800,  10528
   2371031,   8352,  11120,  10816,  10144
   2371091,   8400,  10848,  10784,  10128
   2371151,   8416,  10464,  10800,  10576
   2371211,   8384,  10496,  10800,  10704
   2371271,   8432,  10528,  10784,  10640
   2371331,   8384,  10512,  10800,  10656
   2371396,   8416,  10864,  10800,  10464
   2371456,   8352,  11200,  10800,  10208
   2371516,   8368,  11136,  10800,  10128
   2371576,   8384,  11072,  10800,  10240
   2371636,   8368,  11248,  10816,  10112
   2371696,   8416,  11152,  10800,  10048
   2371756,   8352,  11008,  10800,  10064
   2371816,   8400,  10928,  10784,  10048
   2371876,   8416,  11152,  10816,  10048
   2371936,   8368,  10960,  10800,  10336
   2371996,   8352,  10576,  10784,  10736
   2372056,   8384,  10480,  10816,  10544
   2372121,   8352,  10656,  10800,  10128
   2372181,   8416,  10688,  10816,  10112
   2372241,   8416,  10720,  10800,  10208
   2372301,   8400,  11072,  10800,  10016
   2372361,   8368,  11152,  10800,  10064
   2372421,   8352,  10960,  10800,  10320
   2372481,   8400,  10912,  10784,  10560
   2372541,   8368,  10736,  10784,  10544
   2372601,   8368,  10528,  10784,  10640
   2372661,   8384,  10576,  10800,  10720
   2372721,   8400,  10480,  10800,  10576
   2372786,   8384,  10560,  10800,  10368
   2372846,   8368,  10512,  10784,  10384
   2372906,   8400,  10544,  10800,  10464
   2372966,   8400,  10576,  10784,  10384
   2373026,   8352,  10704,  10800,  10112
   2373086,   8352,  10736,  10784,  10224
   2373146,   8368,  10752,  10800,  10144
   2373206,   8384,  10800,  10784,  10064
   2373266,   8352,  10848,  10784,  10096
   2373326,   8368,  10736,  10800,  10144
   2373386,   8368,  10896,  10800,  10016
   2373446,   8352,  11136,  10800,  10064
   2373511,   8352,  11040,  10784,  10288
   2373571,   8352,  11216,  10800,  10128
   2373631,   8352,  11088,  10784,  10032
   2373691,   8416,  11120,  10816,  10080
   2373751,   8352,  11216,  10800,  10064
   2373811,   8368,  10912,  10816,  10368
   2373871,   8368,  10608,  10784,  10576
   2373931,   8368,  10480,  10800,  10656
   2373991,   8384,  10896,  10784,  10080
   2374051,   8384,  11104,  10784,  10064
   2374111,   8368,  10912,  10816,  10368
   2374171,   8400,  10592,  10800,  10720
   2374236,   8432,  10528,  10784,  10448
   2374296,   8416,  10480,  10800,  10576
   2374356,   8432,  10464,  10800,  10608
   2374416,   8384,  10832,  10800,  10560
   2374476,   8400,  11040,  10816,  10208
   2374536,   8384,  11120,  10800,  10112
   2374596,   8368,  11248,  10784,  10112
   2374656,   8352,  11104,  10800,  10064
   2374716,   8400,  11072,  10800,  10208
   2374776,   8416,  11168,  10800,  10288
   2374836,   8352,  10736,  10800,  10544
   2374901,   8384,  10480,  10768,  10528
   2374961,   8352,  10480,  10784,  10480
   2375021,   8368,  10800,  10784,  10160
   2375081,   8352,  10864,  10800,  10080
   2375141,   8368,  10576,  10768,  10256
   2375201,   8352,  10672,  10800,  10288
   2375261,   8400,  10992,  10800,  10032
   2375321,   8336,  11136,  10816,  10048
   2375381,   8352,  11152,  10800,  10080
   2375441,   8352,  11248,  10800,  10096
   2375501,   8352,  11024,  10784,  10256
