   1789092,   8224,  10448,  10528,  12400
   1789166,   8224,  10592,  10976,  12368
   1789226,   8192,  10960,  10896,  12160
   1789286,   8224,  11040,  10912,  11712
   1789346,   8176,  10464,  10896,  12016
   1789406,   8176,  10352,  10864,  12272
   1789466,   8176,  10544,  10704,  12128
   1789526,   8192,  10848,  10784,  11840
   1789586,   8224,  11040,  10848,  11536
   1789646,   8192,  10976,  10896,  11504
   1789706,   8192,  10720,  10912,  11632
   1789766,   8224,  10432,  10912,  11840
   1789948,   8160,  10736,  11136,  11712
   1790009,   8160,  10464,  10784,  11712
   1790069,   8176,  10496,  11648,  12240
   1790129,   8192,  11184,  10960,  12032
   1790189,   8176,  10480,  10896,  11856
   1790249,   8192,  10640,  11200,  12400
   1790309,   8192,  10768,  10976,  12448
   1790369,   8192,  11088,  10880,  12240
   1790429,   8208,  10816,  10880,  11728
   1790489,   8208,  10464,  10912,  11712
   1790549,   8176,  10400,  10896,  12016
   1790609,   8176,  10576,  10864,  12224
   1790794,   8176,  10320,  10880,  12176
   1790855,   8192,  10336,  10880,  11680
   1790915,   8192,  10448,  10864,  11584
   1790975,   8208,  10368,  11088,  11680
   1791035,   8176,  10384,  10640,  11808
   1791095,   8208,  10384,  10704,  11920
   1791155,   8192,  10416,  10768,  12208
   1791215,   8224,  10608,  11200,  12464
   1791275,   8208,  10992,  10960,  12384
   1791335,   8208,  11040,  10704,  11904
   1791395,   8192,  10720,  10704,  11840
   1791470,   8208,  10592,  11072,  12064
   1791530,   8224,  10560,  10992,  12304
   1791590,   8192,  11088,  10832,  12384
   1791650,   8160,  11184,  10864,  12128
   1791710,   8224,  11024,  10864,  11856
   1791770,   8176,  10448,  10800,  12032
   1791830,   8176,  10560,  11232,  12448
   1791890,   8160,  10848,  11152,  12640
   1791950,   8192,  11136,  10448,  12320
   1792010,   8224,  10864,  10592,  11888
   1792070,   8160,  10448,  10528,  12112
   1792130,   8208,  10720,  10992,  12560
   1792195,   8176,  11136,  11024,  11872
   1792255,   8208,  10512,  10896,  11808
   1792315,   8192,  10464,  10640,  11744
   1792375,   8192,  10448,  10832,  11728
   1792435,   8208,  10496,  10896,  11728
   1792495,   8208,  10368,  10912,  11984
   1792555,   8192,  10448,  10848,  12112
   1792615,   8224,  10528,  11024,  12240
   1792675,   8192,  10768,  10912,  12240
   1792735,   8224,  10880,  10912,  12128
   1792795,   8176,  10880,  10896,  12160
   1792855,   8160,  10864,  10896,  12176
   1792920,   8192,  10816,  10880,  12240
   1792980,   8224,  10304,  10896,  11840
   1793040,   8208,  10304,  10880,  11872
   1793100,   8192,  10432,  10896,  11600
   1793160,   8192,  10896,  10864,  11584
   1793220,   8240,  10976,  10880,  12096
   1793280,   8208,  10384,  10912,  11952
   1793340,   8208,  10320,  10912,  11824
   1793400,   8240,  10416,  10896,  11536
   1793460,   8224,  10800,  10880,  11504
   1793520,   8176,  10976,  10896,  11792
   1793585,   8160,  10928,  10896,  12080
   1793645,   8240,  10768,  10880,  12192
   1793705,   8208,  10464,  10928,  12096
   1793765,   8208,  10368,  10896,  11968
   1793825,   8208,  10304,  10912,  11888
   1793885,   8160,  10320,  10880,  11600
   1793945,   8160,  10496,  10880,  11488
   1794005,   8176,  10736,  10880,  11456
   1794065,   8160,  10912,  10880,  11536
   1794125,   8208,  10864,  10896,  11504
   1794185,   8176,  10912,  10880,  11536
   1794245,   8208,  10704,  10896,  11456
   1794323,   8192,  10480,  10912,  12144
   1794383,   8192,  10368,  10880,  11488
   1794443,   8176,  10320,  10896,  11536
   1794503,   8192,  10464,  10864,  11424
   1794563,   8176,  10336,  10880,  11504
   1794623,   8192,  10272,  10896,  11648
   1794683,   8240,  10256,  10896,  11664
   1794743,   8224,  10336,  10912,  11488
   1794803,   8208,  10704,  10896,  11424
   1794863,   8176,  10432,  10880,  11472
   1794923,   8176,  10352,  10864,  11536
   1794983,   8176,  10304,  10880,  11616
   1795048,   8192,  10288,  10848,  11968
   1795108,   8208,  10384,  10992,  11600
   1795168,   8192,  10352,  10800,  11952
   1795228,   8192,  10336,  10896,  11904
   1795288,   8192,  10352,  11088,  11952
   1795348,   8192,  10432,  10800,  11760
   1795408,   8208,  10496,  10864,  11712
   1795468,   8176,  10848,  10976,  11744
   1795528,   8192,  10832,  11040,  11744
   1795588,   8208,  10880,  10800,  11728
   1795648,   8176,  10832,  10912,  11696
   1795713,   8208,  10608,  10944,  11696
   1795773,   8208,  10736,  10784,  11776
   1795833,   8224,  10736,  10800,  11760
   1795893,   8224,  10896,  10896,  11904
   1795953,   8160,  11072,  11024,  12272
   1796013,   8224,  10928,  10496,  11920
   1796073,   8208,  10480,  10880,  11872
   1796133,   8240,  10416,  10896,  12176
   1796193,   8224,  10800,  10816,  12432
   1796253,   8160,  11008,  10960,  12336
   1796313,   8224,  10768,  10896,  12448
   1796373,   8176,  10496,  10880,  12304
   1796438,   8208,  10752,  10960,  12448
   1796498,   8192,  10576,  10912,  12368
   1796558,   8224,  10704,  10896,  12480
   1796618,   8224,  10896,  10912,  12416
   1796678,   8192,  11024,  10816,  12336
   1796738,   8192,  11040,  10880,  12096
   1796798,   8208,  10928,  10720,  11888
   1796858,   8176,  10624,  10832,  11760
   1796918,   8208,  10352,  10976,  12032
   1796978,   8176,  10560,  10896,  12336
   1797038,   8192,  10864,  10928,  12304
   1797098,   8208,  11008,  10848,  11792
   1797163,   8176,  10896,  10944,  11664
   1797223,   8176,  10512,  10896,  11616
   1797283,   8208,  10336,  10912,  11760
   1797343,   8240,  10368,  10928,  12096
   1797403,   8240,  10384,  10848,  12080
   1797463,   8208,  10656,  10912,  12256
   1797523,   8192,  10880,  10896,  12176
   1797583,   8176,  10976,  10864,  11824
   1797643,   8224,  10592,  10896,  11552
   1797703,   8176,  10400,  10864,  12032
   1797763,   8208,  10944,  10896,  12144
   1797828,   8208,  10944,  10912,  11840
   1797888,   8192,  10704,  10896,  12160
   1797948,   8176,  10960,  10864,  11984
   1798008,   8224,  10864,  10880,  11600
   1798068,   8240,  10960,  10896,  11824
   1798128,   8176,  10976,  10896,  11776
   1798188,   8160,  10928,  10896,  11728
   1798248,   8208,  10944,  10880,  11728
   1798308,   8224,  10944,  10880,  11696
   1798368,   8176,  10960,  10864,  11808
   1798428,   8208,  10960,  10896,  11808
   1798488,   8208,  10848,  10880,  11552
   1798553,   8208,  10448,  10880,  11456
   1798613,   8224,  10400,  10864,  11504
   1798673,   8224,  10736,  10896,  11552
   1798733,   8176,  10752,  10880,  11520
   1798793,   8192,  10544,  10912,  11456
   1798853,   8192,  10560,  10864,  11424
   1798913,   8176,  10784,  10864,  11552
   1798973,   8176,  10928,  10864,  11776
   1799033,   8192,  10928,  10896,  11776
   1799093,   8160,  10864,  10880,  11632
   1799153,   8176,  10784,  10896,  11488
   1799218,   8208,  10336,  10880,  11536
   1799278,   8176,  10352,  10880,  11440
   1799338,   8176,  10304,  10880,  11840
   1799398,   8192,  10752,  10896,  12128
   1799458,   8176,  10912,  11008,  11744
   1799518,   8192,  10240,  10928,  11760
   1799578,   8224,  10784,  10624,  12016
   1799638,   8160,  10704,  10848,  11456
   1799698,   8192,  10288,  10816,  11504
   1799758,   8240,  10336,  10752,  11904
   1799818,   8208,  10992,  10880,  11968
   1799878,   8176,  10816,  10928,  11536
   1799943,   8144,  10272,  10848,  11680
   1800003,   8192,  10288,  10912,  11648
   1800063,   8176,  10480,  10896,  12064
   1800123,   8208,  11040,  10896,  11904
   1800183,   8176,  10656,  10832,  11536
   1800243,   8192,  10288,  10880,  11936
   1800303,   8224,  10976,  10896,  12000
   1800363,   8224,  10496,  10896,  11488
   1800423,   8176,  10256,  10896,  11728
   1800483,   8192,  10464,  10896,  12080
   1800543,   8176,  10848,  10864,  12032
   1800603,   8176,  10944,  10848,  11712
   1800667,   8160,  10672,  10816,  11568
   1800728,   8192,  10384,  10960,  11536
   1800788,   8192,  10272,  10864,  11776
   1800848,   8192,  10352,  10880,  11984
   1800908,   8224,  10640,  10912,  12144
   1800968,   8160,  10896,  10880,  11984
   1801028,   8192,  10880,  10624,  11632
   1801088,   8176,  10464,  10672,  11552
   1801148,   8176,  10400,  10944,  11568
   1801208,   8224,  10304,  10880,  11760
   1801268,   8208,  10416,  10880,  12064
   1801332,   8160,  10384,  10848,  12080
   1801393,   8176,  10480,  11664,  12192
   1801453,   8192,  10800,  10880,  12192
   1801513,   8208,  10768,  10912,  12224
   1801573,   8208,  10960,  10864,  11888
   1801633,   8176,  10752,  10864,  11568
   1801693,   8192,  10400,  10864,  11568
   1801753,   8192,  10320,  10880,  11888
   1801813,   8224,  10800,  10896,  12192
   1801873,   8176,  10960,  10896,  11680
   1801933,   8176,  10368,  10880,  11696
   1801993,   8224,  10368,  10880,  12032
   1802058,   8176,  10944,  10688,  12112
   1802118,   8192,  11072,  10944,  11824
   1802178,   8208,  10608,  10912,  11616
   1802238,   8160,  10304,  10896,  11776
   1802298,   8208,  10368,  10928,  12064
   1802358,   8176,  10688,  10784,  12384
   1802418,   8176,  10768,  10864,  11776
   1802478,   8192,  10400,  10848,  11680
   1802538,   8208,  10304,  10848,  11824
   1802598,   8176,  10320,  10912,  12032
   1802658,   8208,  10688,  10896,  12320
   1802718,   8224,  10976,  10864,  11856
   1802783,   8224,  10432,  10960,  11984
   1802843,   8224,  10576,  10832,  12304
   1802903,   8208,  10992,  10960,  12016
   1802963,   8208,  10576,  10896,  11648
   1803023,   8224,  10384,  10880,  12016
   1803083,   8192,  10592,  10896,  12192
   1803143,   8176,  11104,  10896,  12080
   1803203,   8208,  10352,  10880,  11792
   1803263,   8208,  10960,  10880,  12176
   1803323,   8160,  10368,  10896,  11616
   1803383,   8208,  10368,  10880,  12064
   1803448,   8224,  10944,  10880,  12064
   1803508,   8208,  10976,  10896,  11920
   1803568,   8176,  10688,  10896,  11568
   1803628,   8176,  10336,  10896,  11632
   1803688,   8224,  10368,  10896,  12016
   1803748,   8208,  10736,  11024,  12128
   1803808,   8224,  10960,  10768,  11680
   1803868,   8160,  10416,  10864,  11520
   1803928,   8192,  10336,  10896,  11856
   1803988,   8240,  10672,  10896,  12112
   1804048,   8176,  11072,  10880,  11856
   1804108,   8208,  10336,  10912,  11568
   1804173,   8176,  10480,  10864,  12032
   1804233,   8208,  10672,  10912,  11472
   1804293,   8224,  10304,  10912,  11808
   1804353,   8208,  10512,  10912,  12144
   1804413,   8192,  10704,  10912,  12176
   1804473,   8208,  10944,  10896,  12032
   1804533,   8160,  10928,  10912,  11840
   1804593,   8176,  10912,  10896,  11744
   1804653,   8224,  10896,  10880,  11744
   1804713,   8160,  10944,  10896,  11792
   1804773,   8224,  10928,  10880,  11968
   1804833,   8176,  10928,  10880,  11792
   1804898,   8176,  10448,  10864,  11456
   1804958,   8192,  10288,  10880,  11552
   1805018,   8192,  10336,  10896,  11984
   1805078,   8224,  10736,  10864,  12160
   1805138,   8208,  10720,  10912,  11552
   1805198,   8192,  10368,  10912,  11488
   1805258,   8176,  10272,  10880,  11584
   1805318,   8176,  10224,  10848,  11664
   1805378,   8224,  10352,  10928,  11984
   1805438,   8192,  10560,  10896,  12064
   1805498,   8208,  10768,  10864,  12016
   1805563,   8176,  10832,  10896,  11600
   1805623,   8208,  10864,  10896,  11648
   1805683,   8160,  10464,  10864,  11392
   1805743,   8208,  10256,  10912,  11776
   1805803,   8224,  10544,  10912,  12048
   1805863,   8176,  10880,  10896,  11808
   1805923,   8176,  10928,  10896,  11600
   1805983,   8192,  10832,  10880,  11456
   1806043,   8192,  10656,  10896,  11360
   1806103,   8160,  10560,  10880,  11344
   1806163,   8208,  10416,  10912,  11408
   1806223,   8208,  10304,  10896,  11472
   1806288,   8224,  10256,  10896,  11872
   1806348,   8176,  10368,  10848,  12000
   1806408,   8160,  10848,  10848,  12000
   1806468,   8176,  10368,  10896,  11584
   1806528,   8224,  10352,  10896,  12016
   1806588,   8224,  11024,  10864,  12032
   1806648,   8192,  10768,  10768,  11600
   1806708,   8192,  10272,  10848,  11920
   1806768,   8160,  10960,  10960,  11968
   1806828,   8176,  10304,  10912,  12016
   1806888,   8224,  10656,  10832,  11600
   1806953,   8176,  10976,  10832,  11888
   1807013,   8224,  10352,  11280,  12032
   1807073,   8176,  11120,  10800,  11952
   1807133,   8192,  10528,  10864,  12400
   1807193,   8208,  10640,  10816,  11744
   1807253,   8224,  10784,  10864,  12320
   1807313,   8208,  10400,  10816,  11776
   1807373,   8160,  10928,  10880,  12336
   1807433,   8192,  10608,  10816,  12496
   1807493,   8192,  10592,  10864,  11744
   1807553,   8192,  10960,  10928,  12208
   1807613,   8208,  10480,  10880,  11712
   1807678,   8192,  11024,  10880,  11856
   1807738,   8160,  10448,  10896,  11712
   1807798,   8192,  11072,  10880,  12176
   1807858,   8176,  10368,   9520,  11904
   1807918,   8224,  10960,  10928,  11776
   1807978,   8192,  10704,  10896,  12400
   1808038,   8224,  10512,  10864,  11744
   1808098,   8208,  11104,  10864,  11904
   1808158,   8208,  10992,  10912,  12176
   1808218,   8224,  10384,  11072,  11968
   1808278,   8192,  11024,  10928,  11920
   1808338,   8192,  10528,  10800,  12336
   1808403,   8176,  10688,  10880,  11728
   1808463,   8208,  10608,  10928,  12336
   1808523,   8176,  10864,  11008,  11824
   1808583,   8192,  10512,  10864,  12336
   1808643,   8192,  11008,  10912,  11936
   1808703,   8160,  10368,  10848,  12032
   1808763,   8224,  11024,  10912,  11968
   1808823,   8208,  10384,  10880,  12048
   1808883,   8160,  11088,  10864,  11872
   1808943,   8224,  10544,  10944,  12400
   1809003,   8208,  10432,  10720,  11808
   1809068,   8160,  11024,  10832,  12032
   1809128,   8240,  10480,  10864,  12320
   1809188,   8192,  10576,  10896,  11728
   1809248,   8224,  11120,  10896,  12144
   1809308,   8176,  10400,  10880,  12224
   1809368,   8224,  10400,  10832,  11776
   1809428,   8224,  11024,  10880,  11968
   1809488,   8176,  10352,  10864,  11808
   1809548,   8224,  11120,  10928,  12032
   1809608,   8192,  10304,  10912,  11952
   1809668,   8176,  10896,  10912,  11792
   1809728,   8208,  10768,  10896,  12240
   1809793,   8192,  10576,  10896,  12240
   1809853,   8224,  10496,  10880,  11616
   1809913,   8176,  11104,  10896,  11872
   1809973,   8224,  10480,  10880,  12272
   1810033,   8176,  10336,  10880,  11680
   1810093,   8208,  10976,  10880,  11856
   1810153,   8160,  10304,  10896,  11808
   1810213,   8176,  11024,  10880,  11744
   1810273,   8208,  10432,  10880,  12112
   1810333,   8176,  10720,  10896,  11616
   1810393,   8192,  10336,  10896,  12000
   1810453,   8208,  10928,  10896,  11648
   1810518,   8176,  10304,  10896,  12176
   1810578,   8176,  10928,  10896,  11760
   1810638,   8208,  10336,  10896,  11904
   1810698,   8160,  10848,  10864,  11584
   1810758,   8208,  10880,  10896,  12208
   1810818,   8224,  10288,  10912,  11968
   1810878,   8176,  10576,  10896,  11504
   1810938,   8192,  10816,  10896,  12128
   1810998,   8176,  10544,  10896,  11520
   1811058,   8208,  10752,  10896,  12256
   1811118,   8176,  10256,  10880,  11808
   1811183,   8192,  10688,  10864,  11568
   1811243,   8192,  10272,  10896,  11984
   1811303,   8240,  10816,  10912,  12032
   1811363,   8192,  10304,  10896,  11600
   1811423,   8176,  11040,  10896,  11744
   1811483,   8176,  10288,  10880,  11904
   1811543,   8176,  10896,  10880,  11776
   1811603,   8192,  10256,  10880,  11760
   1811663,   8192,  10928,  10880,  11648
   1811723,   8176,  10624,  10896,  12112
   1811783,   8208,  10400,  10896,  11488
   1811843,   8160,  10912,  10896,  12064
   1811908,   8176,  10224,  10880,  11792
   1811968,   8208,  10608,  10880,  12192
   1812028,   8176,  10928,  10880,  11872
   1812088,   8224,  10544,  10896,  11472
   1812148,   8224,  10240,  10912,  11744
   1812208,   8192,  10480,  10896,  12064
   1812268,   8224,  10928,  10912,  11616
   1812328,   8224,  10256,  10880,  11584
   1812388,   8160,  10464,  10896,  11984
   1812448,   8208,  11008,  10896,  11888
   1812508,   8224,  10432,  10912,  11472
   1812568,   8224,  10496,  10896,  12112
   1812632,   8240,  10752,  10880,  11408
   1812693,   8208,  10288,  10896,  11552
   1812753,   8224,  10736,  10896,  12128
   1812813,   8176,  10672,  10880,  11472
   1812873,   8240,  10304,  10896,  11888
   1812933,   8176,  10784,  10880,  12000
   1812993,   8208,  10816,  10880,  11456
   1813053,   8192,  10256,  10880,  11568
   1813113,   8208,  10688,  10912,  12048
   1813173,   8192,  10992,  10864,  11584
   1813233,   8208,  10256,  10896,  11520
   1813298,   8208,  10672,  10896,  11824
   1813358,   8208,  10912,  10880,  11472
   1813418,   8192,  10288,  10896,  11856
   1813478,   8208,  10912,  10896,  11888
   1813538,   8208,  10256,  10896,  11520
   1813598,   8224,  10848,  10896,  11888
   1813658,   8224,  10352,  10896,  11424
   1813718,   8192,  10656,  10896,  12016
   1813778,   8192,  10928,  10896,  11488
   1813838,   8208,  10208,  10896,  11600
   1813898,   8192,  10592,  10896,  12064
   1813958,   8208,  10832,  10896,  11568
   1814023,   8224,  10384,  10896,  12016
   1814083,   8224,  10768,  10896,  12048
   1814143,   8208,  10336,  10912,  11408
   1814203,   8224,  10416,  10896,  11968
   1814263,   8192,  10768,  10912,  11424
   1814323,   8176,  10624,  10880,  12000
   1814383,   8192,  10304,  10912,  11488
   1814443,   8208,  10848,  10896,  12032
   1814503,   8192,  10272,  10912,  11888
   1814563,   8208,  10464,  10896,  11392
   1814623,   8176,  10992,  10896,  11808
   1814688,   8256,  10304,  10928,  11920
   1814748,   8224,  10960,  10896,  11552
   1814808,   8224,  10336,  10896,  11920
   1814868,   8160,  10608,  10880,  11440
   1814928,   8208,  10432,  10928,  12016
   1814988,   8208,  10400,  10880,  11392
   1815048,   8176,  10784,  10896,  11968
   1815108,   8208,  10256,  10896,  11744
   1815168,   8208,  10880,  10896,  11664
   1815228,   8176,  10288,  10944,  11840
   1815288,   8176,  10832,  11280,  11600
   1815348,   8208,  10368,  10944,  12048
   1815413,   8176,  10480,  11152,  11584
   1815473,   8224,  10608,  10912,  12160
   1815533,   8176,  10800,  10912,  11616
   1815593,   8192,  10656,  10880,  12288
   1815653,   8160,  10400,  10912,  11568
   1815713,   8208,  10720,  10896,  12160
   1815773,   8208,  10432,  10912,  11568
   1815833,   8176,  10944,  10912,  12112
   1815893,   8224,  10240,  10896,  11824
   1815953,   8192,  10496,  10896,  11552
   1816013,   8176,  10880,  10896,  12064
   1816073,   8192,  10288,  10800,  11904
   1816138,   8192,  10480,  10992,  12240
   1816198,   8224,  10304,  10848,  11888
   1816258,   8176,  10336,  10720,  11728
   1816318,   8176,  10752,  10816,  11648
   1816378,   8176,  10496,  10864,  11712
   1816438,   8208,  10512,  10880,  11712
   1816498,   8192,  10992,  10912,  11920
   1816558,   8208,  10912,  10800,  12304
   1816618,   8224,  10448,  10816,  12304
   1816678,   8224,  10336,  10896,  11856
   1816738,   8192,  10816,  10896,  11728
   1816803,   8208,  10864,  10928,  11984
   1816863,   8176,  10352,  10896,  11952
   1816923,   8224,  10656,  10832,  11744
   1816983,   8224,  11024,  10864,  12128
   1817043,   8208,  10640,  10896,  12368
   1817103,   8224,  10384,  10832,  12032
   1817163,   8208,  10752,  10960,  11808
   1817223,   8224,  11008,  10960,  12400
   1817283,   8208,  10400,  10896,  12224
   1817343,   8192,  10720,  10896,  11776
   1817403,   8176,  11072,  10864,  12336
   1817463,   8192,  10384,  10112,  12112
   1817528,   8224,  10656,  11008,  12064
   1817588,   8176,  10864,  10800,  11968
   1817648,   8176,  11104,  10944,  12176
   1817708,   8208,  10816,  11008,  12512
   1817768,   8224,  10432,  10912,  12304
   1817828,   8192,  10528,  10656,  11920
   1817888,   8224,  11056,  10896,  12000
   1817948,   8224,  10720,  10912,  12416
   1818008,   8160,  10448,  10832,  11952
   1818068,   8176,  10976,  10912,  11952
   1818128,   8192,  10992,  10832,  12272
   1818188,   8192,  10672,  10864,  12368
   1818253,   8208,  10384,  10864,  12208
   1818313,   8192,  10688,  10912,  11744
   1818373,   8176,  10576,  10880,  11712
   1818433,   8208,  10688,  10864,  11696
   1818493,   8208,  10592,  10896,  11696
   1818553,   8208,  10688,  10896,  11696
   1818613,   8192,  10960,  10928,  11776
   1818673,   8176,  11072,  10880,  12144
   1818733,   8224,  10608,  10864,  12400
   1818793,   8192,  10320,  10912,  11952
   1818853,   8224,  10336,  10896,  11936
   1818918,   8224,  10448,  10912,  12208
   1818978,   8160,  10352,  10896,  11808
   1819038,   8192,  10512,  10896,  11664
   1819098,   8208,  11008,  10896,  11920
   1819158,   8208,  10512,  10912,  12224
   1819218,   8208,  10768,  10880,  11664
   1819278,   8208,  10704,  10896,  12368
   1819338,   8192,  10416,  10864,  11664
   1819398,   8176,  10976,  10896,  11984
   1819458,   8224,  10672,  10896,  12240
   1819518,   8192,  10304,  10880,  11840
   1819578,   8160,  10880,  10864,  11792
   1819643,   8208,  10784,  10880,  11952
   1819703,   8176,  10304,  10848,  12000
   1819763,   8176,  10816,  10992,  11760
   1819823,   8176,  10944,  11056,  12352
   1819883,   8208,  10832,  10928,  12544
   1819943,   8224,  10368,  10688,  12224
   1820003,   8192,  10704,  10944,  11824
   1820063,   8208,  11184,  10864,  12112
   1820123,   8176,  10928,  10688,  12576
   1820183,   8208,  10448,  11104,  12320
   1820243,   8208,  10480,  10944,  11936
   1820303,   8176,  10832,  10864,  11856
   1820368,   8208,  10400,  10880,  12288
   1820428,   8224,  10384,  10816,  12128
   1820488,   8192,  10512,   8464,  12000
   1820548,   8192,  10768,  10752,  12128
   1820608,   8208,  10832,  10880,  11968
   1820668,   8160,  10976,  10896,  11952
   1820728,   8160,  11056,  11008,  12000
   1820788,   8208,  11056,  10960,  12160
   1820848,   8208,  11120,  10672,  12208
   1820908,   8208,  11184,  11024,  12448
   1820968,   8224,  11088,  11056,  12592
   1821033,   8192,  11072,  10864,  12160
   1821093,   8160,  11008,  10896,  12400
   1821153,   8224,  11136,  10912,  12368
   1821213,   8208,  10864,  10752,  12560
   1821273,   8240,  10640,  10896,  12432
   1821333,   8176,  10480,  10880,  12288
   1821393,   8176,  10336,  10848,  12112
   1821453,   8192,  10368,  10864,  11856
   1821513,   8160,  10592,  10912,  11696
   1821573,   8208,  10880,  10864,  11776
   1821633,   8208,  11024,  10864,  12128
   1821693,   8192,  10688,  10912,  12368
   1821758,   8208,  10672,  10912,  12352
   1821818,   8160,  10432,  10896,  11760
   1821878,   8176,  11056,  10864,  11840
   1821938,   8208,  10848,  10880,  12352
   1821998,   8208,  10336,  10896,  12112
   1822058,   8208,  10352,  10912,  11776
   1822118,   8160,  10608,  10912,  11664
   1822178,   8176,  10704,  10896,  11680
   1822238,   8192,  10976,  10896,  11872
   1822298,   8176,  11104,  10896,  11888
   1822358,   8176,  10624,  10896,  12400
   1822423,   8208,  10336,  10880,  11744
   1822483,   8176,  11008,  10880,  11920
   1822543,   8176,  10336,  10896,  12064
   1822603,   8160,  10640,  10880,  11616
   1822663,   8224,  11072,  10896,  12048
   1822723,   8192,  10592,  10912,  12336
   1822783,   8208,  10288,  10880,  11824
   1822843,   8208,  10512,  10880,  11600
   1822903,   8176,  11088,  10896,  11952
   1822963,   8176,  10864,  10896,  12352
   1823023,   8208,  10544,  10896,  12304
   1823083,   8224,  10320,  10944,  11984
   1823148,   8176,  10800,  10880,  11728
   1823208,   8224,  10800,  10896,  12288
   1823268,   8192,  10288,  10960,  11952
   1823328,   8208,  10304,  10848,  11744
   1823388,   8192,  10512,  11360,  11680
   1823448,   8208,  10832,  10896,  11728
   1823508,   8160,  10912,  10880,  11920
   1823568,   8208,  10864,  10864,  12224
   1823628,   8208,  10352,  10928,  12112
   1823688,   8224,  10416,  11264,  11808
   1823748,   8176,  10480,  10960,  11712
   1823808,   8160,  10784,  10896,  11728
   1823872,   8208,  10896,  10768,  11728
   1823933,   8208,  11008,  10896,  12288
   1823993,   8208,  10704,  10720,  12512
   1824053,   8208,  10432,  10864,  12368
   1824113,   8208,  10560,  10928,  12368
   1824173,   8224,  10656,  10880,  12496
   1824233,   8208,  10640,  10784,  12400
   1824293,   8192,  10816,  10624,  12416
   1824353,   8192,  10992,  10736,  12336
   1824413,   8192,  10944,  10864,  12224
   1824473,   8192,  10976,  10864,  12288
   1824538,   8160,  11120,  10880,  12144
   1824598,   8192,  10928,  10880,  12432
   1824658,   8192,  10576,  10928,  12400
   1824718,   8176,  10352,  10784,  12112
   1824778,   8208,  10608,  10832,  12512
   1824838,   8176,  11008,  10752,  12192
   1824898,   8224,  11136,  10960,  12032
   1824958,   8176,  10848,  11184,  11952
   1825018,   8224,  10864,  10976,  11808
   1825078,   8224,  10576,  10752,  11936
   1825138,   8176,  10544,  10656,  11872
   1825198,   8208,  10448,  10816,  11952
   1825263,   8208,  10480,  10160,  12448
   1825323,   8224,  10400,  10880,  12256
   1825383,   8208,  10384,  10912,  12240
   1825443,   8224,  10480,  10864,  12304
   1825503,   8208,  10608,  10896,  12496
   1825563,   8224,  10640,  10928,  12416
   1825623,   8176,  10816,  10880,  12400
   1825683,   8208,  10944,  11120,  12368
   1825743,   8160,  11024,  10768,  12032
   1825803,   8192,  10944,  10800,  12256
   1825863,   8192,  11008,  10832,  12160
   1825923,   8176,  10960,  10880,  11840
   1825988,   8176,  10736,  10880,  11584
   1826048,   8160,  11088,  10864,  11936
   1826108,   8208,  10976,  10880,  12096
   1826168,   8192,  10960,  10896,  11712
   1826228,   8176,  10960,  10864,  11680
   1826288,   8176,  10704,  10912,  11648
   1826348,   8224,  10544,  10912,  11568
   1826408,   8208,  10512,  10912,  11568
   1826468,   8176,  10352,  10896,  11600
   1826528,   8176,  10304,  10880,  11824
   1826588,   8208,  10288,  10912,  11696
   1826653,   8224,  10352,  10896,  12096
   1826713,   8208,  10336,  10880,  11600
   1826773,   8208,  10544,  10880,  11520
   1826833,   8160,  10688,  10880,  11536
   1826893,   8176,  10400,  10864,  11536
   1826953,   8160,  10544,  10896,  11520
   1827013,   8160,  10480,  10880,  11584
   1827073,   8160,  10640,  10864,  11600
   1827133,   8176,  10736,  10880,  11600
   1827193,   8208,  10880,  10912,  11632
   1827253,   8208,  10736,  10912,  11616
   1827313,   8160,  10640,  10912,  11568
   1827378,   8176,  10592,  10896,  11664
   1827438,   8176,  10560,  10896,  11552
   1827498,   8224,  10336,  10912,  11648
   1827558,   8176,  10272,  10880,  11760
   1827618,   8160,  10272,  10896,  11696
   1827678,   8176,  10272,  10896,  11648
   1827738,   8208,  10272,  10912,  11728
   1827798,   8224,  10368,  10832,  12096
   1827858,   8224,  10704,  10896,  12112
   1827918,   8192,  11008,  10896,  11952
   1827978,   8208,  10928,  10864,  11856
   1828038,   8224,  10752,  10896,  11488
   1828103,   8224,  10272,  10912,  11600
   1828163,   8208,  10544,  10912,  12224
   1828223,   8176,  10880,  10880,  11952
   1828283,   8176,  11040,  10864,  11760
   1828343,   8192,  10368,  10896,  11456
   1828403,   8176,  10256,  10896,  11680
   1828463,   8192,  10608,  10896,  12160
   1828523,   8208,  10864,  10880,  11488
   1828583,   8208,  10352,  10912,  11504
   1828643,   8224,  10240,  10928,  11760
   1828703,   8208,  10624,  10896,  12048
   1828768,   8208,  11024,  10864,  11440
   1828828,   8192,  10464,  10896,  11488
   1828888,   8224,  10272,  11408,  11824
   1828948,   8192,  10816,  10944,  12272
   1829008,   8208,  10640,  11008,  11632
   1829068,   8192,  10288,  11120,  11840
   1829128,   8208,  10256,  10912,  12048
   1829188,   8224,  10336,  11008,  12128
   1829248,   8224,  10496,  11024,  12384
   1829308,   8224,  10576,  11072,  12384
   1829368,   8208,  11088,  10960,  12032
   1829428,   8192,  10896,  10912,  11872
   1829493,   8192,  10352,  10896,  11760
   1829553,   8176,  10336,  10928,  12176
   1829613,   8224,  10624,  10880,  12464
   1829673,   8192,  10960,  11056,  12096
   1829733,   8160,  10816,  11424,  11824
   1829793,   8224,  10352,  10912,  11968
   1829853,   8224,  10512,  10848,  12400
   1829913,   8208,  11040,  11232,  12176
   1829973,   8208,  10496,  10864,  11952
   1830033,   8240,  10400,  10960,  12304
   1830093,   8192,  10976,  10896,  12224
   1830158,   8208,  10528,  10864,  11840
   1830218,   8176,  10400,  10912,  11920
   1830278,   8224,  10768,  10816,  12336
   1830338,   8224,  10896,  10864,  11744
   1830398,   8176,  10416,  10912,  12272
   1830458,   8176,  11104,  10896,  12016
   1830518,   8160,  10480,  10880,  11776
   1830578,   8192,  10336,  10896,  11888
   1830638,   8208,  10704,  10896,  12448
   1830698,   8208,  11008,  10880,  12064
   1830758,   8160,  11040,  10880,  11856
   1830818,   8224,  10496,  10896,  11696
   1830883,   8224,  10944,  10896,  11728
   1830943,   8224,  10336,  10896,  11856
   1831003,   8208,  10960,  10896,  12096
   1831063,   8208,  10432,  10896,  11744
   1831123,   8176,  10480,  10896,  12256
   1831183,   8192,  10992,  10912,  12160
   1831243,   8224,  10864,  10896,  11760
   1831303,   8224,  10304,  10896,  11808
   1831363,   8176,  10752,  10896,  12368
   1831423,   8192,  10896,  10896,  11680
   1831483,   8208,  10384,  10896,  11728
   1831543,   8208,  10304,  10896,  12064
   1831608,   8208,  10880,  10880,  12128
   1831668,   8176,  11088,  10896,  11824
   1831728,   8176,  10624,  10880,  11632
   1831788,   8208,  10336,  10896,  12048
   1831848,   8208,  10960,  10896,  12144
   1831908,   8208,  10352,  10880,  11728
   1831968,   8256,  10576,  10912,  12336
   1832028,   8208,  10928,  10880,  11936
   1832088,   8192,  10960,  10880,  11632
   1832148,   8176,  10272,  10864,  11808
   1832208,   8208,  10960,  10912,  12080
   1832273,   8192,  10880,  10896,  11632
   1832333,   8224,  10576,  10800,  11536
   1832393,   8160,  10288,  10912,  11792
   1832453,   8208,  10928,  10896,  12080
   1832513,   8192,  10672,  10896,  11488
   1832573,   8192,  10416,  10880,  11616
   1832633,   8160,  10288,  10896,  11872
   1832693,   8160,  10576,  10880,  12096
   1832753,   8224,  10960,  10896,  11968
   1832813,   8208,  10720,  10896,  11472
   1832873,   8208,  10304,  10912,  11952
   1832933,   8208,  10944,  10864,  11760
   1832998,   8192,  10272,  10880,  11840
   1833058,   8208,  10400,  10896,  12112
   1833118,   8208,  10928,  10896,  11648
   1833178,   8224,  10480,  10896,  11488
   1833238,   8192,  10272,  10896,  11840
   1833298,   8208,  10608,  10912,  12112
   1833358,   8240,  10944,  10912,  11808
   1833418,   8208,  10384,  10880,  11520
   1833478,   8192,  10416,  10928,  12128
   1833538,   8176,  10896,  10896,  11840
   1833598,   8176,  10480,  10896,  11488
   1833658,   8176,  10688,  10912,  12096
   1833723,   8160,  10768,  10848,  11472
   1833783,   8160,  10288,  10896,  11584
   1833843,   8192,  10464,  10912,  12080
   1833903,   8192,  11024,  10896,  11664
   1833963,   8160,  10304,  10896,  11504
   1834023,   8176,  10816,  10896,  12032
   1834083,   8192,  10416,  10896,  11472
   1834143,   8224,  10528,  10896,  12064
   1834203,   8192,  10672,  10896,  11504
   1834263,   8208,  10272,  10896,  11840
   1834323,   8192,  10928,  10880,  11888
   1834400,   8176,  10368,  10896,  11472
   1834460,   8192,  10544,  10880,  12064
   1834520,   8224,  10784,  10896,  11696
   1834580,   8208,  10576,  10896,  11600
   1834640,   8240,  10304,  10912,  12160
   1834700,   8192,  10896,  10896,  11776
   1834760,   8208,  10816,  10896,  11408
   1834820,   8176,  10464,  10880,  11584
   1834880,   8208,  10256,  10896,  12048
   1834940,   8208,  10800,  10880,  11712
   1835000,   8160,  10560,  10880,  11568
   1835060,   8192,  10240,  10912,  12112
   1835125,   8192,  10880,  10880,  11616
   1835185,   8176,  10640,  10880,  11392
   1835245,   8192,  10224,  10896,  11648
   1835305,   8160,  10384,  10896,  12032
   1835365,   8192,  10768,  10864,  12096
   1835425,   8208,  10848,  10864,  11728
   1835485,   8192,  10320,  10432,  11632
   1835545,   8240,  10688,  10832,  12384
   1835605,   8160,  10560,  10832,  11600
   1835665,   8192,  10672,  11008,  12432
   1835725,   8224,  10544,  11136,  11680
   1835785,   8224,  10384,  10912,  12304
   1835850,   8224,  10624,  10960,  11728
   1835910,   8224,  10352,  10880,  11856
   1835970,   8224,  10640,  10912,  12480
   1836030,   8208,  10800,  10880,  11712
   1836090,   8192,  10336,  10896,  12096
   1836150,   8224,  10992,  10912,  11920
   1836210,   8208,  10592,  10896,  12400
   1836270,   8192,  10480,  10896,  11696
   1836330,   8208,  10816,  10912,  12384
   1836390,   8176,  10592,  10880,  11664
   1836450,   8208,  10624,  10912,  12384
   1836515,   8160,  10464,  10864,  11680
   1836575,   8208,  10368,  10896,  12080
   1836635,   8208,  10976,  10896,  12048
   1836695,   8224,  10464,  10848,  11600
   1836755,   8192,  10896,  10880,  12240
   1836815,   8192,  10304,  10896,  11904
   1836875,   8224,  10752,  10912,  11616
   1836935,   8176,  10304,  10896,  11856
   1836995,   8208,  10896,  10880,  12208
   1837055,   8176,  10480,  10896,  11584
   1837115,   8224,  10368,  10896,  12160
   1837175,   8208,  10928,  10880,  11744
   1837240,   8192,  10496,  10896,  12176
   1837300,   8224,  10784,  10896,  11600
   1837360,   8176,  10352,  10896,  11648
   1837420,   8224,  10688,  10880,  12288
   1837480,   8192,  10800,  10896,  11568
   1837540,   8192,  10304,  10912,  11776
   1837600,   8224,  10416,  10896,  12160
   1837660,   8176,  10960,  10880,  11648
   1837720,   8192,  10288,  10880,  11952
   1837780,   8208,  11040,  10896,  11984
   1837840,   8192,  10272,  10896,  11744
   1837905,   8176,  10848,  10896,  12096
   1837965,   8208,  10464,  10960,  11648
   1838025,   8208,  10624,  10912,  12256
   1838085,   8160,  10928,  10736,  11728
   1838145,   8208,  10304,  10880,  12160
   1838205,   8192,  11024,  10896,  11824
   1838265,   8224,  10384,  10864,  12288
   1838325,   8192,  10832,  10880,  11744
   1838385,   8192,  10864,  10912,  12336
   1838445,   8208,  10320,  10928,  12176
   1838505,   8208,  10528,  10880,  11808
   1838565,   8208,  11008,  10880,  12192
   1838630,   8176,  10576,  10896,  12208
   1838690,   8160,  10352,  10896,  11904
   1838750,   8192,  11024,  10880,  12048
   1838810,   8208,  10352,  10912,  11984
   1838870,   8160,  10912,  10880,  12224
   1838930,   8224,  10368,  10912,  11872
   1838990,   8208,  10992,  10912,  12096
   1839050,   8192,  10736,  10880,  11696
   1839110,   8224,  10384,  10896,  12240
   1839170,   8192,  11120,  10912,  11952
   1839230,   8176,  10336,  10896,  11824
   1839290,   8224,  11104,  10896,  11856
   1839355,   8208,  10688,  10880,  12384
   1839415,   8208,  10704,  10896,  11664
   1839475,   8176,  10720,  10880,  12384
   1839535,   8160,  10416,  10848,  11824
   1839595,   8192,  10832,  10960,  12448
   1839655,   8192,  10480,  10800,  11824
   1839715,   8176,  10992,  11744,  12448
   1839775,   8160,  10384,  10848,  12080
   1839835,   8192,  11040,   9488,  12176
   1839895,   8192,  10592,  10864,  12464
   1839955,   8176,  10432,  10976,  12128
   1840020,   8144,  11008,  10960,  11984
   1840080,   8224,  10416,  10880,  12208
   1840140,   8208,  10976,  11008,  12560
   1840200,   8176,  10656,  11600,  12144
   1840260,   8208,  11088,  10912,  12416
   1840320,   8208,  10640,  10832,  12720
   1840380,   8224,  10656,  10896,  12080
   1840440,   8176,  11120,  10832,  12512
   1840500,   8224,  10512,  10896,  12432
   1840560,   8176,  10560,  10944,  11968
   1840620,   8224,  11184,  10848,  12352
   1840680,   8192,  10480,  10880,  12464
   1840745,   8224,  10496,  10880,  12256
   1840805,   8160,  11008,  10880,  12512
   1840865,   8176,  10416,  10896,  12080
   1840925,   8224,  11056,  10896,  12144
   1840985,   8208,  10384,  10896,  12160
   1841045,   8192,  10912,  10864,  11984
   1841105,   8224,  10528,  10896,  12400
   1841165,   8192,  10512,  10896,  11840
   1841225,   8224,  10736,  10896,  12464
   1841285,   8176,  10352,  10896,  11952
   1841345,   8192,  10784,  10880,  11824
   1841405,   8224,  10960,  10896,  12160
   1841470,   8192,  10688,  10896,  12240
   1841530,   8160,  10352,  10864,  12176
   1841590,   8192,  10800,  10912,  11760
   1841650,   8208,  10944,  10896,  12192
   1841710,   8176,  10416,  10864,  12320
   1841770,   8176,  10432,  10912,  11792
   1841830,   8160,  10800,  10896,  11824
   1841890,   8192,  11056,  10864,  12160
   1841950,   8192,  10304,  10912,  12096
   1842010,   8160,  10816,  10896,  11712
   1842070,   8208,  10976,  10880,  11920
   1842135,   8208,  10832,  10880,  12000
   1842195,   8208,  10320,  10896,  12144
   1842255,   8208,  10816,  10896,  11712
   1842315,   8176,  10912,  10880,  12192
   1842375,   8192,  10304,  10880,  12064
   1842435,   8224,  10928,  10912,  11776
   1842495,   8192,  10864,  10880,  12336
   1842555,   8224,  10352,  10896,  11856
   1842615,   8176,  10992,  10896,  12032
   1842675,   8224,  10400,  10896,  12176
   1842735,   8176,  10560,  10880,  11680
   1842795,   8208,  11072,  10992,  12064
   1842860,   8192,  10576,  10864,  12320
   1842920,   8208,  10464,  10896,  11760
   1842980,   8192,  10992,  10944,  12272
   1843040,   8176,  10336,  10928,  11952
   1843100,   8192,  10976,  10864,  12032
   1843160,   8176,  10352,  10768,  12128
   1843220,   8208,  10912,  10864,  11888
   1843280,   8208,  10544,  10896,  12384
   1843340,   8208,  10512,  10880,  11824
   1843400,   8192,  10544,  10768,  12416
   1843460,   8208,  10576,  12080,  11872
   1843520,   8176,  11072,  10832,  12304
   1843585,   8176,  10688,  10944,  12432
   1843645,   8224,  10416,  10912,  11968
   1843705,   8224,  11008,  10976,  12096
   1843765,   8208,  10880,  10976,  12464
   1843825,   8192,  10416,  11040,  12432
   1843885,   8176,  10720,  10848,  11936
   1843945,   8192,  11024,  10608,  12112
   1844005,   8224,  11072,  10880,  12448
   1844065,   8224,  10464,  10864,  12368
   1844125,   8208,  10368,  10912,  12160
   1844185,   8208,  10480,  10848,  12064
   1844250,   8224,  10448,  10880,  11984
   1844310,   8192,  11152,  10864,  12272
   1844370,   8176,  10560,  10848,  12528
   1844430,   8176,  10432,  10752,  12480
   1844490,   8160,  10432,  10736,  12016
   1844550,   8176,  10752,  10848,  11968
   1844610,   8224,  11120,  10928,  12112
   1844670,   8208,  10912,  10976,  12512
   1844730,   8224,  10496,  10928,  12496
   1844790,   8176,  10448,  10880,  12000
   1844850,   8208,  10688,  10912,  11936
   1844910,   8176,  10816,  10992,  11888
   1844975,   8160,  10784,  10928,  11872
   1845035,   8192,  11008,  10912,  12400
   1845095,   8224,  10464,  10896,  12416
   1845155,   8160,  10384,  10896,  12064
   1845215,   8176,  10496,  10896,  11920
   1845275,   8208,  10528,  10864,  11888
   1845335,   8224,  10864,  10864,  11840
   1845395,   8208,  11040,  10896,  12064
   1845455,   8192,  10816,  10880,  12528
   1845515,   8192,  10448,  10912,  12336
   1845575,   8192,  10352,  10896,  12144
   1845639,   8208,  10432,  10912,  12368
   1845700,   8160,  10336,  10880,  11968
   1845760,   8192,  10816,  10848,  11760
   1845820,   8160,  10960,  10880,  11920
   1845880,   8208,  10992,  10896,  12336
   1845940,   8240,  10592,  10912,  12384
   1846000,   8208,  10320,  10880,  12000
   1846060,   8176,  10896,  10848,  11776
   1846120,   8176,  10704,  10880,  12368
   1846180,   8240,  10352,  10912,  11968
   1846240,   8224,  10816,  10896,  11728
   1846300,   8176,  10992,  10912,  12064
   1846365,   8192,  10912,  10896,  11744
   1846425,   8192,  10928,  10864,  12368
   1846485,   8208,  10624,  10896,  12352
   1846545,   8224,  10432,  10896,  12304
   1846605,   8192,  10688,  10912,  12448
   1846665,   8176,  10320,  10912,  12016
   1846725,   8176,  10848,  10880,  11808
   1846785,   8160,  10880,  10912,  12288
   1846845,   8176,  10272,  10928,  11936
   1846905,   8208,  10800,  10928,  11728
   1846965,   8224,  10880,  10928,  12192
   1847025,   8208,  10368,  10896,  12192
   1847090,   8176,  10304,  10912,  11872
   1847150,   8224,  10784,  10896,  12304
   1847210,   8224,  10304,  10896,  11888
   1847270,   8208,  10928,  10896,  11712
   1847330,   8176,  10944,  10880,  12064
   1847390,   8192,  10368,  10912,  12192
   1847450,   8208,  10592,  10896,  11648
   1847510,   8208,  10720,  10896,  12384
   1847570,   8192,  10384,  10880,  11744
   1847630,   8224,  10864,  10896,  11760
   1847690,   8192,  10608,  10880,  12272
   1847755,   8208,  10368,  10880,  12304
   1847815,   8192,  10960,  10928,  11984
   1847875,   8176,  10320,  10880,  12112
   1847935,   8224,  10928,  10896,  11760
   1847995,   8208,  10448,  10912,  12288
   1848055,   8192,  10400,  10896,  11664
   1848115,   8208,  10960,  10896,  11984
   1848175,   8208,  10496,  10880,  12224
   1848235,   8160,  10384,  10880,  11664
   1848295,   8224,  10992,  10880,  12080
   1848355,   8224,  10320,  10912,  12128
   1848415,   8224,  10336,  10880,  11776
   1848480,   8208,  10384,  10880,  11712
   1848540,   8176,  10992,  10896,  12080
   1848600,   8224,  10432,  10912,  12224
   1848660,   8224,  10448,  10912,  12256
   1848720,   8240,  10304,  10896,  12048
   1848780,   8176,  10272,  10912,  11936
   1848840,   8192,  10480,  10896,  11632
   1848900,   8192,  10720,  10896,  11552
   1848960,   8208,  10832,  10880,  11696
   1849020,   8176,  11008,  10864,  11744
   1849080,   8176,  10912,  10880,  11984
   1849140,   8208,  10912,  10896,  12160
   1849205,   8176,  10800,  10896,  11600
   1849265,   8192,  10896,  10912,  11856
   1849325,   8192,  11040,  10896,  11968
   1849385,   8208,  10528,  10896,  12240
   1849445,   8208,  10368,  10896,  12208
   1849505,   8208,  10368,  10896,  11648
   1849565,   8192,  10960,  10912,  11968
   1849625,   8208,  10448,  10896,  12160
   1849685,   8160,  10256,  10912,  11840
   1849745,   8176,  10400,  10896,  11680
   1849805,   8208,  10288,  10896,  11760
   1849870,   8240,  10592,  10896,  12304
   1849930,   8192,  10384,  10896,  12128
   1849990,   8208,  10256,  10912,  11856
   1850050,   8192,  10432,  10880,  11616
   1850110,   8192,  10640,  10880,  11536
   1850170,   8224,  10880,  10896,  11760
   1850230,   8160,  10928,  10944,  11632
   1850290,   8192,  10944,  10912,  11824
   1850350,   8224,  10736,  10976,  12256
   1850410,   8176,  10656,  10864,  12208
   1850470,   8176,  10336,  10896,  12080
   1850530,   8192,  10576,  10864,  11568
   1850595,   8240,  10848,  10912,  11616
   1850655,   8192,  10352,  10912,  12032
   1850715,   8224,  10288,  10896,  11584
   1850775,   8224,  11024,  10880,  11696
