    258264,   8256,   8672,  13312,   8176
    258338,   8128,   8736,  13360,   8064
    258398,   8176,   8288,  13392,   8192
    258458,   8224,   8064,  13328,   8048
    258518,   8208,   8144,  13360,   7760
    258578,   8176,   8400,  13344,   7648
    258638,   8240,   8512,  13344,   7664
    258698,   8160,   8816,  13360,   7728
    258758,   8176,   8688,  13408,   7664
    258818,   8112,   8672,  13328,   7936
    258878,   8192,   8912,  13392,   7792
    258938,   8192,   8736,  13360,   7904
    259002,   8176,   8832,  13328,   7856
    259063,   8192,   8704,  13344,   7984
    259123,   8272,   8752,  13328,   8096
    259183,   8160,   8560,  13328,   8128
    259243,   8256,   8368,  13296,   8256
    259303,   8176,   8064,  13328,   8240
    259363,   8192,   8336,  13312,   7712
    259423,   8224,   8368,  13280,   7664
    259483,   8224,   8192,  13328,   7600
    259543,   8320,   8256,  13264,   7632
    259603,   8160,   8480,  13328,   7680
    259663,   8256,   8480,  13360,   7744
    259728,   8160,   8848,  13296,   7648
    259788,   8240,   8448,  13376,   7744
    259848,   8160,   8496,  13328,   7728
    259908,   8144,   8576,  13392,   7728
    259968,   8128,   8736,  13376,   8176
    260028,   8144,   8192,  13392,   8352
    260088,   8208,   8144,  13376,   8224
    260148,   8176,   8144,  13312,   8224
    260208,   8192,   8096,  13376,   8080
    260268,   8240,   8080,  13248,   8128
    260328,   8208,   8096,  13312,   8000
    260393,   8272,   8064,  13312,   8160
    260453,   8160,   8096,  13344,   8000
    260513,   8256,   8096,  13312,   8096
    260573,   8208,   8080,  13280,   7936
    260633,   8256,   8160,  13312,   7824
    260693,   8320,   8016,  13264,   7840
    260753,   8160,   8112,  13312,   7664
    260813,   8256,   8560,  13376,   7744
    260873,   8176,   8672,  13360,   8272
    260933,   8208,   8144,  13392,   8384
    260993,   8192,   8064,  13344,   8128
    261053,   8208,   8096,  13392,   8128
    261118,   8160,   8064,  13328,   8208
    261178,   8160,   8144,  13392,   7808
    261238,   8224,   8288,  13360,   7664
    261298,   8192,   8688,  13328,   7888
    261358,   8224,   8672,  13392,   8240
    261418,   8256,   8144,  13312,   8240
    261478,   8160,   8080,  13328,   8048
    261538,   8224,   8144,  13296,   7792
    261598,   8208,   8368,  13328,   7632
    261658,   8224,   8704,  13312,   8112
    261718,   8160,   8080,  13280,   8336
    261778,   8224,   8096,  13328,   7904
    261843,   8208,   8064,  13232,   7888
    261903,   8176,   8176,  13296,   7840
    261963,   8304,   8160,  13328,   7904
    262023,   8176,   8048,  13344,   7888
    262083,   8256,   8160,  13392,   8016
    262143,   8176,   8080,  13344,   7984
    262203,   8224,   8144,  13408,   8192
    262263,   8144,   8064,  13328,   8096
    262323,   8160,   8224,  13344,   7728
    262383,   8240,   8128,  13312,   7648
    262443,   8256,   8336,  13296,   7632
    262508,   8144,   8560,  13392,   7648
    262568,   8224,   8528,  13296,   7792
    262628,   8224,   8880,  13328,   8016
    262688,   8256,   8064,  13296,   8016
    262748,   8176,   8320,  13360,   7648
    262808,   8160,   8688,  13344,   7872
    262868,   8128,   8608,  13360,   8256
    262928,   8176,   8096,  13344,   7888
    262988,   8144,   8128,  13392,   7600
    263048,   8224,   8416,  13360,   7696
    263108,   8176,   8864,  13328,   7952
    263168,   8176,   8704,  13376,   8240
    263233,   8272,   8192,  13344,   8240
    263293,   8160,   8112,  13328,   8032
    263353,   8256,   8304,  13296,   7696
    263413,   8208,   8368,  13312,   7648
    263473,   8224,   8832,  13280,   7904
    263533,   8208,   8704,  13264,   8224
    263593,   8224,   8064,  13344,   8304
    263653,   8336,   8112,  13296,   7952
    263713,   8208,   8224,  13360,   7568
    263773,   8272,   8672,  13360,   8000
    263833,   8160,   8096,  13344,   8320
    263893,   8240,   8096,  13376,   7712
    263958,   8208,   8656,  13344,   7632
    264018,   8160,   8784,  13408,   8160
    264078,   8144,   8080,  13344,   8128
    264138,   8192,   8352,  13376,   7600
    264198,   8224,   8736,  13328,   7968
    264258,   8272,   8096,  13312,   8048
    264318,   8288,   8656,  13264,   8000
    264378,   8160,   8096,  13344,   7984
    264438,   8320,   8256,  13344,   7600
    264498,   8144,   8656,  13328,   8272
    264558,   8208,   8272,  13376,   7712
    264623,   8192,   8880,  13344,   7648
    264683,   8160,   8384,  13408,   8112
    264743,   8128,   8752,  13312,   7696
    264803,   8208,   8208,  13344,   8128
    264863,   8240,   8752,  13328,   7792
    264923,   8272,   8192,  13312,   7920
    264983,   8336,   8848,  13264,   8000
    265043,   8096,   8304,  13312,   7648
    265103,   8288,   8688,  13376,   7984
    265163,   8160,   8096,  13360,   7648
    265223,   8224,   8784,  13392,   8032
    265283,   8160,   8112,  13344,   7920
    265348,   8144,   8320,  13392,   7712
    265408,   8224,   8544,  13328,   7744
    265468,   8192,   8704,  13376,   8240
    265528,   8160,   8464,  13344,   7568
    265588,   8160,   8624,  13344,   8240
    265648,   8192,   8240,  13344,   7744
    265708,   8224,   8640,  13296,   7808
    265768,   8272,   8464,  13344,   8192
    265828,   8224,   8672,  13312,   7584
    265888,   8192,   8688,  13344,   8272
    265948,   8176,   8272,  13328,   7680
    266008,   8176,   8800,  13408,   8144
    266073,   8208,   8112,  13312,   7872
    266133,   8160,   8656,  13376,   7632
    266193,   8192,   8768,  13376,   8224
    266253,   8192,   8160,  13312,   7872
    266313,   8240,   8304,  13376,   7584
    266373,   8224,   8704,  13264,   8240
    266433,   8192,   8144,  13312,   7904
    266493,   8240,   8704,  13312,   7920
    266553,   8208,   8144,  13344,   7920
    266613,   8208,   8448,  13344,   7648
    266673,   8208,   8784,  13360,   8144
    266738,   8208,   8608,  13328,   8240
    266798,   8320,   8288,  13280,   7648
    266858,   8192,   8320,  13344,   7616
    266918,   8336,   8624,  13344,   7728
    266978,   8160,   8912,  13344,   8144
    267038,   8240,   8128,  13344,   8160
    267098,   8128,   8080,  13344,   8096
    267158,   8208,   8208,  13376,   7792
    267218,   8160,   8128,  13328,   7584
    267278,   8224,   8256,  13344,   7616
    267338,   8208,   8544,  13296,   7728
    267398,   8272,   8544,  13312,   7712
    267463,   8176,   8688,  13376,   7936
    267523,   8272,   8896,  13264,   8144
    267583,   8256,   8256,  13328,   8272
    267643,   8224,   8112,  13312,   8064
    267703,   8192,   8400,  13360,   7632
    267763,   8208,   8352,  13328,   7584
    267823,   8192,   8496,  13408,   7776
    267883,   8192,   8784,  13360,   7984
    267943,   8176,   8896,  13376,   8144
    268003,   8176,   8160,  13344,   8144
    268063,   8176,   8304,  13328,   7632
    268128,   8176,   8784,  13344,   7568
    268188,   8240,   8672,  13280,   8032
    268248,   8192,   8416,  13344,   8208
    268308,   8304,   8176,  13296,   8240
    268368,   8240,   8272,  13328,   7712
    268428,   8208,   8208,  13328,   7584
    268488,   8176,   8608,  13344,   7728
    268548,   8192,   8864,  13344,   8000
    268608,   8144,   8144,  13408,   8128
    268668,   8208,   8304,  13376,   7712
    268728,   8176,   8608,  13344,   7760
    268788,   8192,   8864,  13328,   8192
    268853,   8224,   8256,  13280,   8256
    268913,   8144,   8144,  13296,   8208
    268973,   8272,   8144,  13296,   7920
    269033,   8176,   8112,  13344,   7664
    269093,   8240,   8720,  13328,   8288
    269153,   8192,   8160,  13296,   7872
    269213,   8256,   8320,  13328,   7600
    269273,   8256,   8704,  13328,   8240
    269333,   8176,   8240,  13344,   7744
    269393,   8192,   8592,  13376,   7712
    269453,   8160,   8656,  13328,   8224
    269513,   8208,   8576,  13344,   7552
    269578,   8160,   8816,  13344,   8000
    269638,   8208,   8144,  13424,   8160
    269698,   8176,   8176,  13344,   7792
    269758,   8160,   8160,  13360,   7616
    269818,   8176,   8832,  13360,   7696
    269878,   8224,   8912,  13344,   8144
    269938,   8224,   8240,  13280,   7712
    269998,   8192,   8512,  13280,   7712
    270058,   8256,   8832,  13360,   8064
    270118,   8176,   8192,  13344,   8240
    270178,   8240,   8144,  13376,   7872
    270242,   8160,   8544,  13344,   7648
    270303,   8208,   8640,  13408,   7744
    270363,   8176,   8656,  13344,   8240
    270423,   8160,   8400,  13392,   7616
    270483,   8160,   8800,  13344,   7968
    270543,   8160,   8752,  13328,   8240
    270603,   8240,   8256,  13280,   7728
    270663,   8256,   8384,  13296,   7648
    270723,   8272,   8752,  13344,   8272
    270783,   8208,   8144,  13312,   7904
    270843,   8208,   8592,  13376,   7712
    270903,   8144,   8480,  13360,   8160
    270968,   8208,   8400,  13264,   7696
    271028,   8224,   8640,  13344,   7728
    271088,   8320,   8640,  13296,   8256
    271148,   8176,   8240,  13360,   7824
    271208,   8288,   8624,  13360,   7728
    271268,   8160,   8848,  13344,   8208
    271328,   8256,   8784,  13360,   7600
    271388,   8144,   8720,  13360,   8256
    271448,   8192,   8672,  13408,   7648
    271508,   8144,   8544,  13328,   8336
    271568,   8208,   8752,  13360,   7648
    271628,   8208,   8272,  13328,   8016
    271693,   8176,   8592,  13312,   7712
    271753,   8176,   8160,  13376,   8064
    271813,   8256,   8432,  13280,   8208
    271873,   8208,   8512,  13328,   7632
    271933,   8240,   8192,  13296,   8208
    271993,   8208,   8864,  13360,   7952
    272053,   8192,   8224,  13328,   7552
    272113,   8208,   8304,  13328,   8016
    272173,   8192,   8768,  13344,   7856
    272233,   8224,   8112,  13376,   7824
    272293,   8192,   8848,  13360,   8096
    272358,   8272,   8176,  13344,   7952
    272418,   8176,   8752,  13360,   8000
    272478,   8240,   8192,  13360,   8048
    272538,   8112,   8832,  13376,   7744
    272598,   8160,   8384,  13392,   8160
    272658,   8144,   8960,  13360,   7760
    272718,   8160,   8336,  13408,   7600
    272778,   8192,   8160,  13360,   7712
    272838,   8192,   8816,  13344,   8208
    272898,   8176,   8416,  13392,   7616
    272958,   8272,   8672,  13264,   8352
    273018,   8176,   8816,  13312,   7664
    273083,   8256,   8480,  13312,   8144
    273143,   8160,   8592,  13312,   7600
    273203,   8224,   8848,  13328,   8192
    273263,   8240,   8256,  13264,   7808
    273323,   8240,   8960,  13360,   8000
    273383,   8256,   8592,  13248,   7568
    273443,   8144,   8800,  13360,   8224
    273503,   8288,   8624,  13360,   7600
    273563,   8176,   8432,  13344,   8336
    273623,   8208,   8864,  13360,   7744
    273683,   8128,   8256,  13328,   8048
    273743,   8208,   8736,  13392,   8048
    273808,   8240,   8272,  13328,   7616
    273868,   8304,   8176,  13328,   8192
    273928,   8176,   8288,  13328,   8384
    273988,   8304,   8768,  13344,   7968
    274048,   8208,   8416,  13344,   7632
    274108,   8272,   8480,  13344,   7664
    274168,   8144,   8256,  13328,   7904
    274228,   8224,   8768,  13408,   8224
    274288,   8160,   8944,  13360,   7808
    274348,   8192,   8352,  13376,   7584
    274408,   8160,   8208,  13328,   7760
    274473,   8208,   8144,  13328,   8064
    274533,   8160,   8672,  13344,   8336
    274593,   8256,   8800,  13344,   7904
    274653,   8176,   8192,  13328,   7632
    274713,   8176,   8304,  13408,   8080
    274773,   8112,   8704,  13344,   8096
    274833,   8128,   8752,  13360,   7568
    274893,   8208,   8336,  13392,   7968
    274953,   8128,   8752,  13344,   7872
    275013,   8160,   8192,  13376,   7648
    275073,   8240,   8704,  13312,   8352
    275133,   8176,   8816,  13312,   7904
    275198,   8208,   9008,  13392,   7744
    275258,   8176,   8832,  13344,   7600
    275318,   8192,   8416,  13392,   7600
    275378,   8256,   8320,  13360,   7568
    275438,   8208,   8256,  13312,   7552
    275498,   8208,   8384,  13360,   8032
    275558,   8256,   8672,  13328,   8128
    275618,   8160,   8864,  13328,   7760
    275678,   8288,   8432,  13312,   7664
    275738,   8160,   8576,  13328,   7792
    275798,   8256,   8848,  13344,   8112
    275863,   8240,   8880,  13360,   7680
    275923,   8192,   8544,  13328,   7696
    275983,   8176,   8208,  13312,   7680
    276043,   8240,   8528,  13344,   8144
    276103,   8176,   8384,  13360,   8208
    276163,   8224,   8784,  13408,   8048
    276223,   8192,   8960,  13360,   7792
    276283,   8208,   8352,  13376,   7584
    276343,   8160,   8208,  13376,   7648
    276403,   8160,   8224,  13344,   7664
    276463,   8128,   8320,  13360,   7904
    276523,   8256,   8624,  13296,   8224
    276588,   8160,   8720,  13328,   7840
    276648,   8240,   8864,  13392,   7664
    276708,   8144,   8208,  13360,   7744
    276768,   8144,   8384,  13392,   8080
    276828,   8224,   8496,  13360,   8192
    276888,   8176,   8960,  13344,   7840
    276948,   8208,   8224,  13312,   7584
    277008,   8224,   8480,  13360,   8128
    277068,   8160,   8560,  13328,   8208
    277128,   8176,   8736,  13408,   8016
    277188,   8144,   8768,  13360,   7632
    277248,   8144,   8176,  13376,   7712
    277313,   8160,   8192,  13344,   8208
    277373,   8304,   8768,  13360,   8032
    277433,   8176,   8288,  13328,   7664
    277493,   8272,   8848,  13344,   8160
    277553,   8144,   8624,  13328,   7600
    277613,   8192,   8496,  13344,   8304
    277673,   8240,   8800,  13344,   7904
    277733,   8320,   8448,  13328,   8112
    277793,   8176,   8832,  13344,   7584
    277853,   8304,   8608,  13344,   8192
    277913,   8160,   8800,  13360,   7680
    277978,   8224,   8176,  13344,   8000
    278038,   8224,   8864,  13328,   7968
    278098,   8192,   8224,  13280,   7744
    278158,   8288,   8784,  13328,   8000
    278218,   8304,   8272,  13264,   7824
    278278,   8176,   8736,  13344,   8320
    278338,   8272,   8880,  13344,   7680
    278398,   8208,   8352,  13312,   8064
    278458,   8288,   8480,  13360,   8208
    278518,   8176,   8800,  13344,   7584
    278578,   8160,   8592,  13376,   8176
    278638,   8208,   8848,  13360,   7808
    278703,   8320,   8160,  13264,   8000
    278763,   8208,   8960,  13376,   7872
    278823,   8272,   8224,  13328,   7600
    278883,   8176,   8544,  13328,   8176
    278943,   8224,   8736,  13376,   8064
    279003,   8192,   8512,  13312,   7568
    279063,   8192,   8240,  13344,   8064
    279123,   8176,   8384,  13344,   8304
    279183,   8304,   8880,  13360,   7712
    279243,   8128,   8432,  13344,   8064
    279303,   8272,   8832,  13360,   7984
    279363,   8208,   8192,  13344,   7600
    279428,   8192,   8384,  13344,   8288
    279488,   8192,   8608,  13312,   7632
    279548,   8192,   8864,  13296,   8208
    279608,   8240,   8688,  13312,   7696
    279668,   8320,   8208,  13264,   7568
    279728,   8144,   8416,  13360,   8128
    279788,   8272,   8784,  13344,   7936
    279848,   8176,   8144,  13328,   7760
    279908,   8256,   8752,  13376,   8320
    279968,   8144,   8864,  13344,   7680
    280028,   8208,   8208,  13344,   7808
    280093,   8208,   8656,  13344,   8048
    280153,   8304,   8320,  13248,   7760
    280213,   8192,   8784,  13328,   8272
    280273,   8288,   8464,  13328,   7648
    280333,   8176,   8832,  13328,   8208
    280393,   8256,   8960,  13360,   7760
    280453,   8208,   8240,  13328,   7552
    280513,   8208,   8304,  13328,   7856
    280573,   8192,   8864,  13344,   8176
    280633,   8288,   8880,  13328,   7728
    280693,   8160,   8176,  13328,   7696
    280753,   8304,   8768,  13344,   8304
    280818,   8224,   8384,  13328,   7568
    280878,   8224,   8448,  13360,   8064
    280938,   8224,   8720,  13312,   8032
    280998,   8176,   8848,  13280,   7696
    281058,   8224,   8192,  13312,   7616
    281118,   8320,   8480,  13296,   8272
    281178,   8144,   8624,  13344,   8144
    281238,   8272,   8800,  13344,   7648
    281298,   8144,   8192,  13312,   7888
    281358,   8192,   8640,  13360,   8192
    281418,   8192,   8880,  13344,   7968
    281478,   8224,   8208,  13344,   7600
    281543,   8272,   8336,  13296,   8288
    281603,   8240,   8576,  13264,   7632
    281663,   8176,   8608,  13312,   8192
    281723,   8272,   8928,  13344,   7936
    281783,   8224,   8480,  13328,   7648
    281843,   8224,   8240,  13328,   7584
    281903,   8208,   8256,  13328,   7840
    281963,   8192,   8480,  13280,   8128
    282023,   8224,   8224,  13328,   8064
    282083,   8272,   8272,  13296,   8192
    282143,   8128,   8560,  13344,   8208
    282208,   8192,   8576,  13344,   7712
    282268,   8224,   8192,  13296,   7840
    282328,   8224,   8208,  13344,   7824
    282388,   8240,   8608,  13296,   8160
    282448,   8160,   8512,  13280,   8208
    282508,   8256,   8896,  13328,   7968
    282568,   8304,   8784,  13280,   7776
    282628,   8192,   8320,  13328,   7568
    282688,   8272,   8224,  13328,   7648
    282748,   8192,   8288,  13312,   7936
    282808,   8192,   8656,  13360,   8208
    282868,   8160,   8624,  13344,   8160
    282933,   8176,   8832,  13296,   7600
    282993,   8240,   8224,  13344,   7856
    283053,   8192,   8832,  13344,   8224
    283113,   8224,   8896,  13328,   7936
    283173,   8176,   8352,  13328,   7568
    283233,   8240,   8224,  13312,   7760
    283293,   8144,   8608,  13312,   8192
    283353,   8224,   8800,  13280,   7952
    283413,   8224,   8720,  13296,   7824
    283473,   8256,   8544,  13328,   7696
    283533,   8224,   8288,  13296,   7568
    283598,   8176,   8384,  13296,   7760
    283658,   8144,   8304,  13328,   7744
    283718,   8208,   8208,  13328,   7808
    283778,   8160,   8224,  13328,   7616
    283838,   8272,   8368,  13360,   7600
    283898,   8208,   8384,  13344,   7600
    283958,   8256,   8592,  13328,   7696
    284018,   8208,   8832,  13376,   7888
    284078,   8256,   8896,  13280,   8144
    284138,   8176,   8560,  13312,   8192
    284198,   8224,   8704,  13296,   8032
    284258,   8176,   8752,  13328,   7984
    284323,   8160,   9024,  13392,   7632
    284383,   8160,   9024,  13360,   7792
    284443,   8208,   8976,  13328,   8016
    284503,   8160,   8736,  13392,   8096
    284563,   8256,   8768,  13296,   8048
    284623,   8112,   8656,  13328,   8128
    284683,   8208,   8304,  13280,   8224
    284743,   8192,   8224,  13328,   8112
    284803,   8224,   8208,  13280,   8112
    284863,   8176,   8240,  13312,   8160
    284923,   8208,   8336,  13328,   8208
    284983,   8208,   8240,  13296,   8160
    285048,   8208,   8208,  13280,   8160
    285108,   8160,   8208,  13328,   7936
    285168,   8224,   8400,  13280,   8016
    285228,   8128,   8352,  13312,   7632
    285288,   8208,   8448,  13312,   7600
    285348,   8160,   8800,  13344,   7760
    285408,   8192,   8832,  13312,   7792
    285468,   8144,   9008,  13344,   8064
    285528,   8192,   8192,  13312,   7984
    285588,   8176,   8272,  13328,   7952
    285648,   8240,   8256,  13328,   7824
    285713,   8176,   8224,  13344,   8048
    285773,   8256,   8512,  13328,   8240
    285833,   8240,   8640,  13328,   8144
    285893,   8256,   8832,  13344,   8016
    285953,   8208,   8880,  13296,   7776
    286013,   8224,   8544,  13296,   7696
    286073,   8272,   8304,  13328,   7584
    286133,   8176,   8240,  13328,   7872
    286193,   8160,   8384,  13344,   8208
    286253,   8192,   8432,  13312,   8288
    286313,   8208,   8832,  13344,   7888
    286373,   8208,   8704,  13328,   7744
    286438,   8256,   8416,  13248,   7632
    286498,   8160,   8320,  13344,   7952
    286558,   8256,   8272,  13344,   7728
    286618,   8224,   8224,  13312,   7696
    286678,   8240,   8240,  13360,   7568
    286738,   8224,   8256,  13328,   7552
    286798,   8208,   8240,  13376,   7552
    286858,   8176,   8224,  13344,   7616
    286918,   8160,   8240,  13376,   7696
    286978,   8240,   8416,  13344,   8000
    287038,   8160,   8224,  13344,   8000
    287098,   8112,   8224,  13312,   7984
    287163,   8240,   8320,  13376,   7792
    287223,   8144,   8464,  13328,   7664
    287283,   8176,   8896,  13424,   8176
    287343,   8160,   8240,  13344,   7984
    287403,   8192,   8256,  13392,   7568
    287463,   8192,   8768,  13376,   7776
    287523,   8224,   8864,  13328,   8208
    287583,   8160,   8208,  13376,   8048
    287643,   8240,   8352,  13296,   7744
    287703,   8192,   8272,  13328,   7616
    287763,   8240,   8624,  13296,   7712
    287828,   8176,   9008,  13312,   7600
    287888,   8256,   9040,  13328,   7744
    287948,   8208,   9024,  13312,   8048
    288008,   8192,   8336,  13312,   8208
    288068,   8144,   8544,  13280,   7600
    288128,   8208,   8784,  13344,   8272
    288188,   8224,   8368,  13328,   7616
    288248,   8208,   8800,  13312,   7968
    288308,   8208,   8752,  13392,   8224
    288368,   8240,   8432,  13344,   7568
    288428,   8176,   8528,  13328,   7664
    288488,   8208,   8944,  13360,   7968
    288553,   8208,   8176,  13232,   8064
    288613,   8224,   8816,  13328,   7584
    288673,   8208,   8832,  13344,   8208
    288733,   8240,   8560,  13312,   7600
    288793,   8208,   8864,  13360,   8176
    288853,   8240,   8160,  13280,   8144
    288913,   8208,   8224,  13264,   7840
    288973,   8208,   8224,  13328,   7616
    289033,   8192,   8368,  13248,   7616
    289093,   8192,   8464,  13312,   7696
    289153,   8208,   8656,  13328,   7792
    289213,   8192,   8832,  13328,   8016
    289278,   8192,   8816,  13344,   8176
    289338,   8224,   8800,  13296,   8256
    289398,   8176,   8192,  13296,   8256
    289458,   8240,   8160,  13312,   8080
    289518,   8192,   8160,  13264,   7936
    289578,   8192,   8160,  13344,   7808
    289638,   8208,   8656,  13360,   7584
    289698,   8192,   8864,  13328,   8080
    289758,   8208,   8208,  13392,   7952
    289818,   8208,   8336,  13328,   7600
    289878,   8224,   8992,  13408,   8128
    289943,   8208,   8256,  13344,   7808
    290003,   8224,   8336,  13392,   7568
    290063,   8208,   8976,  13344,   8000
    290123,   8208,   8176,  13328,   7904
    290183,   8208,   8528,  13360,   7680
    290243,   8240,   8608,  13280,   8320
    290303,   8224,   8464,  13312,   7616
    290363,   8208,   8848,  13312,   8128
    290423,   8224,   8240,  13344,   7696
    290483,   8208,   8944,  13360,   8176
    290543,   8192,   8560,  13408,   7600
    290603,   8192,   8752,  13360,   8320
    290680,   8224,   8496,  13392,   8192
    290741,   8224,   8560,  13264,   7600
    290801,   8288,   8864,  13344,   7936
    290861,   8352,   8368,  13312,   8192
    290921,   8208,   8608,  13312,   7600
    290981,   8288,   8720,  13344,   7840
    291041,   8208,   8336,  13296,   7840
    291101,   8256,   8496,  13344,   7616
    291161,   8176,   8720,  13392,   8160
    291221,   8240,   8912,  13376,   7712
    291281,   8160,   8672,  13328,   8368
    291346,   8144,   8720,  13296,   7600
    291406,   8256,   8944,  13376,   8080
    291466,   8128,   8256,  13328,   7920
    291526,   8240,   8464,  13360,   7616
    291586,   8192,   8912,  13312,   8208
    291646,   8208,   8464,  13296,   7616
    291706,   8176,   8992,  13280,   7936
    291766,   8256,   8352,  13312,   7904
    291826,   8352,   8912,  13280,   7664
    291886,   8160,   8704,  13360,   8320
    291946,   8320,   8512,  13360,   7616
    292006,   8144,   8816,  13376,   7856
    292071,   8176,   8224,  13344,   8128
    292131,   8160,   8816,  13344,   7664
    292191,   8128,   8704,  13376,   8176
    292251,   8160,   8992,  13344,   7632
    292311,   8208,   8752,  13392,   8224
    292371,   8192,   8800,  13360,   7584
    292431,   8160,   8832,  13328,   8320
    292491,   8208,   8432,  13360,   7616
    292551,   8208,   8880,  13312,   7968
    292611,   8176,   8640,  13312,   8192
    292671,   8272,   8736,  13296,   7552
    292731,   8192,   9072,  13344,   7984
    292795,   8256,   8352,  13296,   7936
    292856,   8160,   8816,  13264,   7552
    292916,   8272,   8944,  13344,   7904
    292976,   8224,   8896,  13344,   8208
    293036,   8224,   8256,  13360,   8000
    293096,   8144,   8944,  13328,   7696
    293156,   8176,   8496,  13376,   8224
    293216,   8256,   8656,  13280,   7600
    293276,   8176,   8816,  13360,   7888
    293336,   8320,   8864,  13312,   8096
    293396,   8192,   8592,  13312,   8224
    293461,   8256,   8208,  13296,   7872
    293521,   8192,   8720,  13264,   7568
    293581,   8256,   8768,  13328,   7888
    293641,   8208,   8880,  13360,   8224
    293701,   8176,   8256,  13344,   7920
    293761,   8176,   8288,  13360,   7584
    293821,   8176,   8784,  13344,   7776
    293881,   8240,   8464,  13344,   8064
    293941,   8160,   8272,  13328,   7888
    294001,   8288,   8256,  13296,   7584
    294061,   8224,   8768,  13312,   7808
    294121,   8256,   8784,  13296,   8288
    294186,   8192,   8304,  13312,   7792
    294246,   8240,   8432,  13312,   7616
    294306,   8160,   8912,  13312,   8112
    294366,   8240,   8224,  13280,   7920
    294426,   8256,   8512,  13328,   7664
    294486,   8224,   8848,  13328,   8240
    294546,   8192,   8352,  13344,   7680
    294606,   8224,   8640,  13344,   7696
    294666,   8192,   8976,  13392,   8208
    294726,   8112,   8224,  13344,   7904
    294786,   8208,   8528,  13376,   7616
    294846,   8176,   8928,  13376,   8224
    294911,   8176,   8208,  13344,   8112
    294971,   8176,   8832,  13344,   7616
    295031,   8208,   8912,  13296,   8112
    295091,   8096,   8192,  13344,   7728
    295151,   8272,   8848,  13296,   8208
    295211,   8192,   8544,  13344,   7552
    295271,   8256,   9008,  13296,   7968
    295331,   8192,   8304,  13264,   7888
    295391,   8272,   8784,  13328,   7856
    295451,   8320,   8320,  13296,   8048
    295511,   8224,   8816,  13376,   7632
    295576,   8208,   8448,  13344,   8272
    295636,   8224,   8272,  13312,   7776
    295696,   8240,   8832,  13344,   7952
    295756,   8192,   8304,  13328,   7776
    295816,   8192,   8608,  13376,   7696
    295876,   8128,   8608,  13360,   8160
    295936,   8160,   8832,  13392,   7680
    295996,   8208,   8880,  13408,   8256
    296056,   8208,   8400,  13296,   7648
    296116,   8112,   8800,  13360,   7920
    296176,   8272,   8480,  13280,   8064
    296236,   8208,   8864,  13328,   7600
    296301,   8224,   8352,  13312,   8240
    296361,   8160,   8704,  13328,   7568
    296421,   8256,   8672,  13296,   8224
    296481,   8208,   8848,  13280,   7680
    296541,   8272,   8400,  13344,   8176
    296601,   8256,   8864,  13312,   7840
    296661,   8192,   8480,  13360,   8000
    296721,   8288,   8928,  13360,   7600
    296781,   8192,   8592,  13344,   8112
    296841,   8240,   8752,  13376,   8048
    296901,   8144,   8480,  13344,   7616
    296961,   8192,   8768,  13360,   8272
    297026,   8112,   8880,  13360,   7856
    297086,   8176,   8336,  13408,   7856
    297146,   8208,   9056,  13344,   8064
    297206,   8160,   8800,  13328,   7632
    297266,   8192,   8192,  13376,   7808
    297326,   8208,   8400,  13280,   7904
    297386,   8112,   8864,  13344,   8224
    297446,   8304,   8880,  13280,   7824
    297506,   8208,   8208,  13328,   7616
    297566,   8288,   8512,  13296,   8144
    297626,   8192,   8768,  13280,   8080
    297691,   8192,   8256,  13328,   7808
    297751,   8176,   8992,  13344,   7936
    297811,   8160,   8192,  13296,   7760
    297871,   8224,   8704,  13328,   8352
    297931,   8240,   8592,  13312,   7600
    297991,   8208,   8656,  13344,   8224
    298051,   8256,   8848,  13328,   7600
    298111,   8176,   8768,  13296,   8208
    298171,   8208,   8896,  13344,   7840
    298231,   8352,   8288,  13312,   8112
    298291,   8192,   8864,  13376,   7888
    298351,   8272,   8224,  13376,   7648
    298416,   8208,   8208,  13312,   8080
    298476,   8256,   8912,  13360,   7968
    298536,   8176,   8400,  13328,   7632
    298596,   8160,   8288,  13360,   7984
    298656,   8192,   8880,  13360,   8112
    298716,   8192,   8592,  13344,   7536
    298776,   8224,   8656,  13328,   8144
    298836,   8208,   8800,  13344,   7984
    298896,   8160,   8736,  13296,   7600
    298956,   8208,   8464,  13344,   7984
    299016,   8112,   9024,  13360,   8160
    299081,   8192,   8976,  13424,   7776
    299141,   8176,   8208,  13344,   7648
    299201,   8176,   8256,  13408,   8000
    299261,   8208,   8400,  13376,   8240
    299321,   8176,   9008,  13488,   7856
    299381,   8160,   8208,  13376,   7696
    299441,   8224,   8384,  13280,   8176
    299501,   8160,   8592,  13344,   8208
    299561,   8304,   8880,  13296,   8032
    299621,   8192,   8864,  13392,   7648
    299681,   8224,   8240,  13136,   7648
    299741,   8208,   8272,  13264,   7696
    299806,   8176,   8304,  13328,   8032
    299866,   8144,   8256,  13408,   8144
    299926,   8256,   8576,  13312,   8224
    299986,   8112,   8768,  13344,   7648
    300046,   8272,   8672,  13296,   8240
    300106,   8192,   9008,  13344,   7744
    300166,   8240,   8256,  13280,   7632
    300226,   8208,   8368,  13296,   8208
    300286,   8240,   8560,  13344,   8240
    300346,   8176,   8992,  13296,   7664
    300406,   8208,   8288,  13344,   7920
    300466,   8272,   8864,  13344,   8256
    300531,   8272,   8720,  13264,   7664
    300591,   8240,   8224,  13328,   8192
    300651,   8288,   8784,  13280,   8032
    300711,   8160,   8624,  13280,   7552
    300771,   8240,   8656,  13344,   8176
    300831,   8240,   8768,  13296,   8000
    300891,   8192,   8256,  13328,   7792
    300951,   8304,   8848,  13360,   8240
    301011,   8240,   8736,  13328,   7584
    301071,   8240,   8976,  13392,   8192
    301131,   8144,   8608,  13328,   7600
    301196,   8192,   8736,  13280,   7920
    301256,   8192,   8384,  13328,   7584
    301316,   8240,   8384,  13296,   8176
    301376,   8192,   8896,  13344,   7776
    301436,   8336,   8304,  13360,   7760
    301496,   8192,   8976,  13344,   8160
    301556,   8224,   8928,  13360,   7808
    301616,   8160,   8192,  13344,   7664
    301676,   8176,   8800,  13376,   8240
    301736,   8208,   8848,  13376,   7616
    301796,   8192,   8368,  13376,   7984
    301856,   8192,   8912,  13376,   8064
    301921,   8304,   8800,  13344,   7600
    301981,   8208,   8288,  13328,   8144
    302041,   8256,   8880,  13376,   7872
    302101,   8176,   8224,  13328,   7664
    302161,   8176,   8992,  13376,   7984
    302221,   8224,   8272,  13344,   7616
    302281,   8272,   8352,  13376,   8192
    302341,   8224,   8800,  13360,   8000
    302401,   8240,   8832,  13344,   7568
    302461,   8192,   8432,  13344,   8096
    302521,   8240,   8752,  13360,   8032
    302581,   8080,   8688,  13344,   7600
    302679,   8240,   8880,  13312,   7600
    302739,   8112,   8240,  13344,   7616
    302799,   8256,   8240,  13392,   7616
    302859,   8112,   8208,  13328,   7744
    302919,   8208,   8288,  13376,   7984
    302979,   8176,   8240,  13312,   7696
    303039,   8160,   8272,  13328,   7792
    303099,   8192,   8192,  13360,   7856
    303159,   8256,   8352,  13232,   7888
    303219,   8192,   8656,  13328,   8096
    303279,   8272,   8352,  13328,   8304
    303356,   8224,   8416,  13312,   7568
    303416,   8320,   8208,  13296,   8048
    303476,   8224,   8192,  13360,   7920
    303536,   8304,   8208,  13344,   8032
    303596,   8224,   8672,  13344,   8128
    303656,   8272,   8912,  13216,   7648
    303716,   8128,   8864,  13312,   7696
    303776,   8160,   8752,  13344,   7552
    303836,   8160,   8544,  13152,   7616
    303896,   8240,   8272,  17568,   7808
    303956,   8240,   8192,  13360,   7920
    304016,   8240,   8224,  13232,   7824
    304080,   8176,   8160,  13328,   8000
    304141,   8224,   8208,  13280,   8064
    304201,   8160,   8208,  13232,   7968
    304261,   8224,   8272,  13360,   7968
    304321,   8208,   8192,  13248,   7584
    304381,   8320,   8336,  13408,   7568
    304441,   8192,   8624,  13376,   7744
    304501,   8272,   8864,  13392,   8192
    304561,   8176,   8432,  13312,   8224
    304621,   8272,   8208,  13360,   8000
    304681,   8080,   8304,  13328,   7664
    304741,   8192,   8192,  13408,   7648
    304806,   8224,   8672,  13344,   7584
    304866,   8288,   8336,  13328,   7600
    304926,   8192,   8352,  13376,   7584
    304986,   8272,   8624,  13328,   7744
    305046,   8208,   8848,  13344,   8176
    305106,   8192,   8288,  13296,   8192
    305166,   8144,   8240,  13328,   7920
    305226,   8176,   8352,  13440,   7856
    305286,   8144,   8320,  13328,   7904
    305346,   8176,   8432,  13424,   8208
    305406,   8192,   8624,  13376,   8192
    305471,   8320,   8352,  13344,   7952
    305531,   8176,   8512,  13392,   8144
    305591,   8240,   8240,  13344,   7920
    305651,   8128,   8240,  13344,   7664
    305711,   8192,   8352,  13296,   7616
    305771,   8208,   8672,  13312,   7824
    305831,   8224,   9024,  13376,   8112
    305891,   8224,   8352,  13360,   8352
    305951,   8160,   8208,  13360,   7984
    306011,   8128,   8320,  13376,   7712
    306071,   8224,   8224,  13408,   7616
    306131,   8144,   8368,  13360,   7584
    306196,   8128,   8864,  13424,   7568
    306256,   8144,   8384,  13296,   7616
    306316,   8144,   8176,  13568,   7632
    306376,   8208,   8272,  14048,   7712
    306436,   8176,   8368,  13920,   7920
    306496,   8128,   8672,  13376,   8320
    306556,   8272,   8672,  13408,   8144
    306616,   8096,   8976,  13664,   7872
    306676,   8272,   8640,  13824,   7728
    306736,   8176,   8480,  13840,   7712
    306796,   8208,   8640,  13840,   7712
    306861,   8208,   8880,  13920,   8000
    306921,   8208,   8416,  13776,   8288
    306981,   8144,   8384,  13904,   8272
    307041,   8208,   8256,  13920,   8144
    307101,   8096,   8224,  13856,   8272
    307161,   8256,   8272,  13536,   8160
    307221,   8160,   8464,  13856,   8208
    307281,   8192,   8736,  13840,   8096
    307341,   8192,   8752,  14112,   7648
    307401,   8176,   8256,  13248,   7840
    307461,   8096,   8992,  13760,   8160
    307521,   8256,   8864,  13776,   7888
    307586,   8112,   8880,  13744,   7824
    307646,   8224,   8384,  13744,   7648
    307706,   8192,   8256,  13696,   7568
    307766,   8256,   8240,  13680,   7888
    307826,   8208,   8448,  13744,   8224
    307886,   8224,   8448,  13728,   8256
    307946,   8176,   8960,  13744,   7856
    308006,   8208,   8496,  13760,   7664
    308066,   8208,   8256,  13744,   7552
    308126,   8256,   8240,  13712,   7696
    308186,   8192,   8592,  13728,   8160
    308246,   8240,   8512,  13760,   8272
    308311,   8160,   8400,  13712,   8176
    308371,   8224,   8464,  13696,   8240
    308431,   8176,   8608,  13696,   8176
    308491,   8192,   8512,  13728,   8240
    308551,   8224,   8576,  13744,   8192
    308611,   8256,   8496,  13712,   8192
    308671,   8192,   8576,  13760,   8208
    308731,   8256,   8784,  13744,   7984
    308791,   8192,   8672,  13728,   7760
    308851,   8176,   8560,  13760,   7696
    308911,   8240,   8176,  13776,   7664
    308976,   8208,   8240,  13728,   7776
    309036,   8256,   8528,  13728,   8160
    309096,   8240,   8192,  13696,   7808
    309156,   8240,   8208,  13760,   7616
    309216,   8192,   8320,  13728,   7584
    309276,   8176,   8800,  13776,   7904
    309336,   8224,   8816,  13776,   8240
    309396,   8272,   8352,  13792,   8240
    309456,   8208,   8176,  13728,   8160
    309516,   8256,   8208,  13696,   7840
    309576,   8192,   8416,  13696,   7648
    309636,   8256,   8848,  13712,   8192
    309701,   8160,   8256,  13744,   8224
    309761,   8176,   8256,  13776,   7776
    309821,   8192,   8320,  13712,   7616
    309881,   8256,   8672,  13776,   7728
    309941,   8256,   8864,  13760,   8096
    310001,   8256,   8448,  13728,   8240
    310061,   8096,   8816,  13760,   8224
    310121,   8192,   8176,  13680,   7952
    310181,   8080,   8608,  13712,   7712
    310241,   8160,   8448,  13744,   8320
    310301,   8144,   8192,  13712,   7936
    310361,   8240,   8176,  13712,   7648
    310426,   8224,   8784,  13760,   7792
    310486,   8272,   8752,  13712,   8080
    310546,   8208,   8416,  13776,   8224
    310606,   8208,   8192,  13696,   8256
    310666,   8096,   8336,  13584,   7664
    310726,   8240,   8544,  13392,   7696
    310786,   8208,   8832,  13776,   8144
    310846,   8288,   8192,  13808,   8000
    310906,   8192,   8480,  13904,   7616
    310966,   8240,   8800,  13904,   7888
    311026,   8144,   8464,  14032,   8256
    311091,   8160,   8512,  14336,   7616
    311151,   8144,   8528,  14528,   7728
    311211,   8240,   8560,  14192,   8304
    311271,   8208,   8512,  14112,   7552
    311331,   8240,   8848,  14576,   8256
    311391,   8176,   8240,  15008,   7744
    311451,   8256,   8608,  15056,   7776
    311511,   8112,   8784,  15200,   8288
    311571,   8224,   8656,  14768,   7648
    311631,   8192,   8640,  14880,   8192
    311691,   8272,   8816,  14672,   7696
    311751,   8160,   8880,  14736,   8208
    311816,   8256,   8192,  14800,   7872
    311876,   8224,   8288,  14720,   7632
    311936,   8160,   8832,  14672,   8256
    311996,   8128,   8416,  14432,   7648
    312056,   8208,   8736,  14000,   8240
    312116,   8112,   8240,  14160,   7792
    312176,   8320,   8560,  14048,   7776
    312236,   8192,   8880,  15104,   8240
    312296,   8272,   8144,  13728,   8064
    312356,   8176,   8304,  14064,   7648
    312416,   8240,   8448,  14032,   7680
    312476,   8208,   8832,  13824,   8064
    312541,   8208,   8240,  14032,   7824
    312601,   8160,   8416,  14144,   7648
    312661,   8304,   8720,  13776,   8208
    312721,   8144,   8784,  14016,   7696
    312781,   8208,   8432,  13888,   8032
    312841,   8224,   8832,  13952,   7936
    312901,   8192,   8304,  13856,   7888
    312961,   8208,   8736,  13904,   7856
    313021,   8160,   8560,  13968,   8160
    313081,   8272,   8704,  13952,   7616
    313141,   8224,   8720,  13968,   8224
    313206,   8224,   8880,  13952,   7616
    313266,   8272,   8736,  13904,   8352
    313326,   8160,   8512,  13904,   7536
    313386,   8240,   8848,  13920,   8176
    313446,   8272,   8192,  13920,   7968
    313506,   8176,   8208,  13952,   7600
    313566,   8352,   8544,  13936,   7776
    313626,   8272,   8944,  13952,   8192
    313686,   8256,   8176,  13952,   8240
    313746,   8144,   8544,  13936,   7568
    313806,   8144,   8608,  13968,   7744
    313866,   8144,   8784,  13936,   8256
    313931,   8240,   8576,  13968,   7568
    313991,   8208,   8816,  13952,   7904
    314051,   8240,   8768,  13936,   8256
    314111,   8112,   8192,  13968,   8016
    314171,   8192,   8432,  13888,   7600
    314231,   8048,   8704,  13920,   7792
    314291,   8256,   8672,  13936,   8320
    314351,   8192,   8272,  13920,   7664
    314411,   8320,   8512,  13888,   7696
    314471,   8208,   8800,  13920,   8240
    314531,   8224,   8256,  13904,   7760
    314595,   8144,   8896,  13920,   7792
    314656,   8208,   8560,  13888,   8208
    314716,   8144,   8336,  13904,   7712
    314776,   8288,   8560,  13920,   7728
    314836,   8224,   8992,  13936,   8128
    314896,   8256,   8160,  13872,   8080
    314956,   8192,   8432,  13856,   7568
    315016,   8240,   8576,  13904,   7712
    315076,   8272,   8816,  13904,   8032
    315136,   8160,   8320,  13952,   8208
    315196,   8256,   8256,  13952,   7808
    315256,   8128,   8320,  13952,   7568
    315321,   8256,   8976,  14064,   8080
    315381,   8144,   8320,  13824,   8368
    315441,   8160,   8208,  14000,   8000
    315501,   8128,   8336,  13952,   7728
    315561,   8192,   8496,  13920,   7712
    315621,   8272,   8832,  13904,   7888
    315681,   8256,   8640,  14032,   8352
    315741,   8272,   8208,  13904,   7904
    315801,   8176,   8192,  13952,   7696
    315861,   8272,   8176,  13904,   7648
    315921,   8128,   8272,  13952,   7568
    315981,   8192,   8368,  13936,   7616
    316046,   8128,   8752,  13936,   7600
    316106,   8160,   8272,  13984,   7600
    316166,   8128,   8656,  13936,   7712
    316226,   8240,   8832,  13904,   8288
    316286,   8032,   8208,  13840,   8016
    316346,   8208,   8496,  13936,   7600
    316406,   8208,   8464,  13888,   7696
    316466,   8208,   8896,  13968,   7984
    316526,   8256,   8752,  13952,   8320
    316586,   8160,   8304,  13952,   8224
    316646,   8224,   8256,  13920,   7728
    316711,   8208,   8448,  13952,   7712
    316771,   8112,   8208,  13968,   7632
    316831,   8240,   8272,  13936,   7648
    316891,   8192,   8592,  13952,   7920
    316951,   8176,   8624,  13936,   8240
    317011,   8176,   8032,  13936,   8192
    317071,   8160,   8064,  13904,   7760
    317131,   8224,   8448,  13888,   7776
    317191,   8208,   8432,  13920,   8320
    317251,   8144,   8144,  13888,   7616
    317311,   8160,   8384,  13952,   7744
    317371,   8176,   8272,  13936,   8096
    317436,   8192,   8736,  13920,   7648
    317496,   8192,   8576,  13936,   8288
    317556,   8224,   8144,  13984,   7600
    317616,   8240,   8656,  13952,   8192
    317676,   8208,   8208,  13936,   7552
    317736,   8224,   8608,  13904,   8304
    317796,   8192,   8032,  13888,   7728
    317856,   8176,   7984,  13936,   7648
    317916,   8176,   8560,  13936,   7984
    317976,   8176,   8416,  13952,   8208
    318036,   8208,   8320,  13936,   7600
    318096,   8176,   8672,  13968,   7904
    318161,   8176,   7984,  13936,   8128
    318221,   8192,   8000,  13952,   7584
    318281,   8192,   8624,  13920,   7840
    318341,   8192,   8400,  13888,   8352
    318401,   8224,   8000,  13904,   7824
    318461,   8160,   8096,  13920,   7616
    318521,   8224,   8576,  13952,   8048
    318581,   8192,   7984,  13936,   8096
    318641,   8224,   7952,  13952,   7632
    318701,   8160,   8512,  13936,   7792
    318761,   8208,   8640,  13968,   8240
    318826,   8192,   8048,  13936,   8176
    318886,   8208,   7968,  13968,   7840
    318946,   8208,   7968,  13952,   7616
    319006,   8192,   8448,  13936,   7760
    319066,   8176,   8752,  13936,   8000
    319126,   8208,   8064,  13904,   8368
    319186,   8176,   8000,  13936,   8112
    319246,   8240,   7968,  13920,   8000
